Date: 20260521_1720
YCSB workload: workloadb_64_single

============= RepCXL configuration =============
processes = "0-8"
logger_cluster_size = 3
algorithm = "async_best_effort"
pipeline = false
round_time = 10 
read_retries = 10
core_affinity = "20-120" 
============= Benchmark Results =============

=== bench_out0.dat ===
Ops: 2010000  Time: 71.91s  Throughput: 27951.34 ops/sec
Dirty reads: 33640 / 1909146 (1.762%)
  Dirty read avg latency: 2.05ms
read_lats: vec100: [910, 1150, 1250, 1370, 1370, 1370, 1370, 1380, 1380, 1380, 1380, 1380, 1380, 1380, 1380, 1380, 1380, 1390, 1390, 1390, 1390, 1400, 1400, 1410, 1420, 1430, 1440, 1460, 1470, 1470, 1480, 1480, 1490, 1490, 1500, 1500, 1510, 1510, 1520, 1520, 1530, 1540, 1550, 1570, 1580, 1590, 1600, 1610, 1630, 1640, 1660, 1680, 1700, 1720, 1740, 1770, 1790, 1810, 1820, 1830, 1840, 1850, 1860, 1880, 1900, 1920, 1930, 1950, 1960, 1980, 2000, 2010, 2030, 2050, 2080, 2100, 2120, 2150, 2180, 2210, 2250, 2280, 2320, 2360, 2401, 2460, 2510, 2570, 2640, 2710, 2790, 2880, 2990, 3110, 3270, 3530, 4010, 5070, 7170, 2138853, 2218284, 10143109]
write_lats: vec100: [880, 1030, 1070, 1070, 1070, 1080, 1080, 1080, 1080, 1090, 1090, 1090, 1100, 1100, 1100, 1100, 1100, 1110, 1120, 1130, 1150, 1170, 1180, 1200, 1210, 1230, 1240, 1250, 1260, 1280, 1290, 1320, 1340, 1360, 1370, 1390, 1410, 1431, 1460, 1490, 1510, 1540, 1570, 1590, 1600, 1610, 1620, 1620, 1630, 1650, 1670, 1700, 1720, 1750, 1770, 1800, 1830, 1850, 1880, 1900, 1920, 1940, 1970, 2000, 2030, 2060, 2090, 2120, 2140, 2170, 2200, 2230, 2260, 2290, 2320, 2340, 2360, 2371, 2390, 2400, 2420, 2440, 2460, 2490, 2520, 2540, 2570, 2590, 2620, 2641, 2680, 2720, 2770, 2820, 2880, 2950, 3040, 3140, 3280, 3540, 4890, 9460]
                 avg          P99       P99.99         P100
Read        37.98μs       2.14ms       2.21ms      10.14ms
Write         1.82μs      3.55μs      5.87μs      9.46μs

=== bench_out1.dat ===
Ops: 2010000  Time: 71.49s  Throughput: 28116.83 ops/sec
Dirty reads: 33458 / 1909598 (1.752%)
  Dirty read avg latency: 2.03ms
read_lats: vec100: [900, 1140, 1230, 1300, 1380, 1380, 1380, 1380, 1390, 1390, 1390, 1400, 1400, 1410, 1420, 1430, 1440, 1460, 1470, 1480, 1480, 1481, 1490, 1490, 1500, 1500, 1510, 1510, 1520, 1520, 1530, 1540, 1550, 1570, 1590, 1600, 1620, 1630, 1650, 1660, 1680, 1700, 1711, 1730, 1751, 1780, 1790, 1800, 1810, 1820, 1830, 1840, 1840, 1850, 1851, 1870, 1880, 1900, 1910, 1930, 1940, 1950, 1960, 1980, 1990, 2000, 2020, 2040, 2060, 2080, 2090, 2110, 2130, 2151, 2180, 2210, 2240, 2270, 2300, 2330, 2370, 2410, 2450, 2490, 2540, 2590, 2640, 2700, 2770, 2840, 2920, 3010, 3120, 3250, 3440, 3761, 4360, 5261, 7271, 2135923, 2214765, 10095348]
write_lats: vec100: [870, 1110, 1120, 1140, 1160, 1170, 1190, 1200, 1210, 1220, 1240, 1260, 1270, 1290, 1310, 1330, 1350, 1360, 1370, 1400, 1420, 1450, 1471, 1490, 1510, 1530, 1550, 1570, 1590, 1600, 1620, 1630, 1650, 1670, 1690, 1710, 1730, 1750, 1770, 1790, 1800, 1811, 1830, 1840, 1850, 1870, 1880, 1890, 1900, 1900, 1910, 1920, 1930, 1940, 1960, 1980, 2000, 2020, 2040, 2060, 2080, 2100, 2120, 2140, 2160, 2180, 2200, 2220, 2240, 2260, 2280, 2300, 2330, 2350, 2361, 2380, 2400, 2410, 2430, 2450, 2480, 2500, 2520, 2550, 2570, 2591, 2620, 2650, 2680, 2710, 2750, 2790, 2830, 2880, 2940, 3010, 3090, 3190, 3350, 3600, 8790, 17080]
                 avg          P99       P99.99         P100
Read        37.62μs       2.14ms       2.21ms      10.10ms
Write         1.99μs      3.60μs      6.01μs     17.08μs

=== bench_out2.dat ===
Ops: 2010000  Time: 69.42s  Throughput: 28955.73 ops/sec
Dirty reads: 32374 / 1909178 (1.696%)
  Dirty read avg latency: 2.03ms
read_lats: vec100: [940, 1150, 1240, 1320, 1380, 1380, 1390, 1390, 1400, 1410, 1420, 1430, 1440, 1460, 1470, 1480, 1480, 1490, 1500, 1500, 1510, 1520, 1530, 1540, 1550, 1560, 1570, 1580, 1590, 1610, 1620, 1640, 1650, 1670, 1680, 1700, 1720, 1730, 1750, 1770, 1780, 1800, 1800, 1810, 1820, 1830, 1830, 1840, 1850, 1850, 1860, 1880, 1890, 1900, 1910, 1930, 1940, 1950, 1960, 1970, 1980, 2000, 2010, 2020, 2040, 2060, 2070, 2090, 2110, 2120, 2140, 2160, 2190, 2210, 2240, 2260, 2290, 2320, 2350, 2380, 2420, 2450, 2490, 2540, 2580, 2630, 2681, 2740, 2810, 2880, 2960, 3050, 3160, 3310, 3521, 3861, 4440, 5220, 6900, 2133253, 2216035, 10094788]
write_lats: vec100: [880, 1120, 1150, 1170, 1190, 1210, 1230, 1260, 1280, 1310, 1340, 1350, 1370, 1400, 1420, 1440, 1470, 1490, 1510, 1521, 1540, 1560, 1580, 1600, 1610, 1610, 1620, 1640, 1650, 1670, 1680, 1700, 1710, 1730, 1741, 1760, 1780, 1790, 1810, 1830, 1840, 1860, 1880, 1890, 1910, 1920, 1940, 1950, 1970, 1981, 2000, 2020, 2040, 2060, 2080, 2100, 2110, 2130, 2150, 2170, 2181, 2200, 2220, 2240, 2260, 2280, 2300, 2320, 2340, 2350, 2370, 2380, 2390, 2400, 2410, 2420, 2430, 2450, 2470, 2490, 2510, 2531, 2550, 2570, 2591, 2620, 2640, 2660, 2690, 2730, 2760, 2800, 2840, 2890, 2950, 3010, 3100, 3200, 3350, 3590, 5700, 9500]
                 avg          P99       P99.99         P100
Read        36.39μs       2.13ms       2.21ms      10.09ms
Write         2.05μs      3.60μs      6.47μs      9.50μs

=== bench_out3.dat ===
Ops: 2010000  Time: 65.12s  Throughput: 30864.84 ops/sec
Dirty reads: 30152 / 1909198 (1.579%)
  Dirty read avg latency: 2.03ms
read_lats: vec100: [940, 1230, 1280, 1340, 1370, 1390, 1390, 1400, 1400, 1400, 1400, 1410, 1410, 1420, 1430, 1431, 1450, 1460, 1470, 1480, 1480, 1490, 1500, 1500, 1510, 1520, 1530, 1540, 1550, 1560, 1570, 1580, 1600, 1610, 1620, 1631, 1650, 1660, 1680, 1690, 1710, 1720, 1740, 1760, 1780, 1790, 1800, 1810, 1820, 1830, 1840, 1850, 1870, 1880, 1900, 1911, 1930, 1950, 1970, 1980, 1990, 2000, 2020, 2031, 2050, 2070, 2090, 2110, 2121, 2140, 2160, 2180, 2210, 2230, 2260, 2290, 2310, 2340, 2370, 2400, 2440, 2470, 2510, 2560, 2610, 2650, 2710, 2770, 2830, 2901, 2990, 3080, 3190, 3340, 3551, 3870, 4390, 5150, 6500, 2128392, 2214035, 10094889]
write_lats: vec100: [900, 1120, 1150, 1170, 1200, 1220, 1240, 1270, 1310, 1340, 1360, 1380, 1390, 1420, 1441, 1460, 1480, 1490, 1490, 1500, 1510, 1530, 1540, 1560, 1580, 1590, 1600, 1610, 1630, 1640, 1660, 1670, 1690, 1700, 1720, 1730, 1740, 1760, 1770, 1790, 1800, 1820, 1830, 1840, 1860, 1870, 1890, 1900, 1910, 1920, 1940, 1950, 1970, 1980, 2000, 2020, 2040, 2050, 2070, 2090, 2110, 2120, 2140, 2160, 2180, 2200, 2220, 2231, 2250, 2270, 2290, 2310, 2330, 2350, 2370, 2390, 2400, 2420, 2440, 2470, 2490, 2520, 2540, 2560, 2580, 2600, 2630, 2660, 2690, 2720, 2760, 2800, 2840, 2890, 2950, 3010, 3090, 3200, 3350, 3620, 8991, 9270]
                 avg          P99       P99.99         P100
Read        34.04μs       2.13ms       2.21ms      10.09ms
Write         2.02μs      3.62μs      6.38μs      9.27μs

=== bench_out4.dat ===
Ops: 2010000  Time: 59.94s  Throughput: 33533.10 ops/sec
Dirty reads: 27619 / 1909765 (1.446%)
  Dirty read avg latency: 2.02ms
read_lats: vec100: [930, 1220, 1270, 1330, 1370, 1370, 1370, 1380, 1380, 1390, 1390, 1400, 1400, 1410, 1410, 1420, 1430, 1440, 1450, 1460, 1470, 1480, 1490, 1500, 1500, 1510, 1510, 1520, 1540, 1550, 1560, 1570, 1580, 1600, 1610, 1620, 1640, 1650, 1661, 1680, 1700, 1720, 1730, 1750, 1770, 1780, 1790, 1801, 1820, 1830, 1840, 1860, 1880, 1900, 1920, 1940, 1960, 1970, 1990, 2010, 2030, 2050, 2080, 2100, 2120, 2140, 2160, 2180, 2210, 2230, 2260, 2280, 2310, 2330, 2360, 2390, 2430, 2460, 2490, 2530, 2570, 2610, 2650, 2700, 2750, 2810, 2870, 2930, 3010, 3090, 3180, 3280, 3410, 3590, 3801, 4120, 4670, 5511, 6851, 2123192, 2216075, 10096028]
write_lats: vec100: [880, 1110, 1140, 1160, 1190, 1200, 1220, 1250, 1280, 1320, 1340, 1360, 1371, 1400, 1420, 1440, 1460, 1480, 1480, 1490, 1500, 1510, 1530, 1550, 1570, 1580, 1590, 1600, 1610, 1630, 1650, 1660, 1680, 1690, 1710, 1720, 1740, 1750, 1770, 1780, 1800, 1810, 1830, 1840, 1860, 1870, 1890, 1900, 1910, 1930, 1940, 1960, 1980, 2000, 2020, 2040, 2060, 2080, 2100, 2120, 2140, 2161, 2190, 2210, 2230, 2250, 2280, 2300, 2330, 2350, 2370, 2390, 2410, 2430, 2460, 2480, 2510, 2530, 2560, 2590, 2620, 2640, 2670, 2700, 2730, 2760, 2791, 2830, 2870, 2910, 2960, 3001, 3060, 3120, 3190, 3261, 3360, 3480, 3640, 3950, 5760, 19350]
                 avg          P99       P99.99         P100
Read        31.36μs       2.12ms       2.21ms      10.10ms
Write         2.08μs      3.96μs      6.35μs     19.35μs

=== bench_out5.dat ===
Ops: 2010000  Time: 54.10s  Throughput: 37153.19 ops/sec
Dirty reads: 24724 / 1909646 (1.295%)
  Dirty read avg latency: 2.01ms
read_lats: vec100: [930, 1150, 1250, 1350, 1370, 1380, 1380, 1380, 1390, 1400, 1410, 1420, 1430, 1450, 1470, 1471, 1480, 1490, 1500, 1500, 1500, 1510, 1520, 1530, 1540, 1560, 1570, 1590, 1600, 1620, 1630, 1650, 1660, 1680, 1700, 1720, 1740, 1760, 1780, 1790, 1800, 1810, 1820, 1830, 1840, 1850, 1860, 1880, 1900, 1920, 1930, 1950, 1960, 1970, 1980, 1990, 2010, 2020, 2040, 2060, 2080, 2100, 2120, 2140, 2150, 2170, 2200, 2220, 2240, 2260, 2280, 2301, 2330, 2360, 2381, 2420, 2450, 2480, 2510, 2541, 2580, 2620, 2670, 2710, 2760, 2820, 2880, 2940, 3010, 3090, 3170, 3271, 3400, 3570, 3780, 4071, 4590, 5400, 6600, 1992459, 2216565, 10095408]
write_lats: vec100: [880, 1110, 1110, 1150, 1170, 1190, 1210, 1230, 1260, 1280, 1320, 1340, 1360, 1390, 1420, 1440, 1470, 1490, 1510, 1540, 1560, 1590, 1600, 1620, 1640, 1651, 1680, 1690, 1710, 1730, 1750, 1770, 1780, 1800, 1820, 1830, 1850, 1870, 1880, 1890, 1900, 1900, 1911, 1930, 1950, 1970, 1980, 2000, 2020, 2040, 2060, 2080, 2091, 2110, 2130, 2150, 2170, 2190, 2210, 2230, 2250, 2270, 2290, 2310, 2330, 2350, 2360, 2380, 2400, 2410, 2440, 2460, 2480, 2500, 2520, 2540, 2560, 2580, 2600, 2630, 2650, 2680, 2700, 2730, 2760, 2790, 2820, 2860, 2900, 2930, 2980, 3021, 3080, 3131, 3200, 3280, 3370, 3491, 3651, 3950, 5580, 8981]
                 avg          P99       P99.99         P100
Read        28.19μs       2.00ms       2.21ms      10.10ms
Write         2.13μs      3.98μs      6.45μs      8.98μs

=== bench_out6.dat ===
Ops: 2010000  Time: 47.41s  Throughput: 42392.82 ops/sec
Dirty reads: 21439 / 1909185 (1.123%)
  Dirty read avg latency: 2.00ms
read_lats: vec100: [900, 1140, 1220, 1330, 1370, 1380, 1380, 1390, 1400, 1410, 1430, 1460, 1470, 1480, 1480, 1490, 1500, 1500, 1510, 1520, 1530, 1541, 1560, 1590, 1610, 1630, 1650, 1670, 1690, 1710, 1731, 1760, 1780, 1790, 1800, 1800, 1810, 1820, 1830, 1830, 1830, 1840, 1850, 1860, 1870, 1880, 1900, 1910, 1921, 1931, 1940, 1950, 1960, 1970, 1980, 1990, 2000, 2020, 2030, 2050, 2070, 2090, 2110, 2130, 2140, 2160, 2180, 2200, 2220, 2250, 2270, 2290, 2310, 2340, 2370, 2400, 2430, 2460, 2490, 2530, 2560, 2600, 2640, 2690, 2740, 2790, 2850, 2910, 2970, 3050, 3130, 3220, 3340, 3490, 3690, 3950, 4420, 5190, 6260, 1589649, 2212605, 10097499]
write_lats: vec100: [870, 1110, 1140, 1160, 1180, 1210, 1230, 1250, 1280, 1310, 1330, 1350, 1380, 1401, 1440, 1470, 1490, 1510, 1530, 1550, 1580, 1590, 1600, 1600, 1610, 1630, 1650, 1670, 1690, 1710, 1730, 1760, 1780, 1800, 1820, 1840, 1860, 1880, 1900, 1910, 1930, 1950, 1970, 1990, 2020, 2040, 2060, 2080, 2100, 2110, 2130, 2150, 2170, 2190, 2210, 2230, 2250, 2270, 2300, 2320, 2330, 2340, 2350, 2360, 2370, 2380, 2390, 2400, 2410, 2430, 2450, 2470, 2490, 2510, 2530, 2540, 2560, 2580, 2600, 2620, 2650, 2670, 2700, 2730, 2760, 2790, 2820, 2860, 2890, 2930, 2970, 3020, 3070, 3130, 3200, 3280, 3370, 3490, 3650, 3960, 6540, 17831]
                 avg          P99       P99.99         P100
Read        24.63μs       1.61ms       2.21ms      10.10ms
Write         2.15μs      3.97μs      7.43μs     17.83μs

=== bench_out7.dat ===
Ops: 2010000  Time: 37.95s  Throughput: 52971.38 ops/sec
Dirty reads: 16837 / 1909186 (0.882%)
  Dirty read avg latency: 1.99ms
read_lats: vec100: [910, 1140, 1220, 1300, 1370, 1370, 1380, 1380, 1380, 1380, 1390, 1390, 1400, 1400, 1410, 1420, 1440, 1460, 1470, 1470, 1480, 1480, 1490, 1500, 1500, 1500, 1501, 1510, 1510, 1510, 1520, 1530, 1540, 1550, 1570, 1590, 1610, 1620, 1640, 1660, 1670, 1700, 1720, 1740, 1770, 1790, 1791, 1810, 1820, 1830, 1830, 1840, 1850, 1870, 1890, 1910, 1920, 1940, 1950, 1960, 1970, 1980, 1991, 2010, 2030, 2060, 2080, 2110, 2130, 2150, 2170, 2200, 2220, 2250, 2280, 2310, 2340, 2370, 2410, 2440, 2480, 2520, 2560, 2610, 2660, 2710, 2770, 2840, 2910, 2980, 3060, 3150, 3260, 3390, 3560, 3790, 4130, 4820, 5970, 9390, 2212404, 10096358]
write_lats: vec100: [870, 1110, 1120, 1140, 1160, 1170, 1190, 1210, 1220, 1230, 1240, 1260, 1270, 1290, 1320, 1340, 1350, 1360, 1370, 1390, 1410, 1430, 1460, 1490, 1500, 1520, 1540, 1570, 1590, 1600, 1620, 1640, 1650, 1670, 1690, 1710, 1730, 1750, 1770, 1790, 1801, 1820, 1840, 1860, 1870, 1880, 1890, 1890, 1900, 1900, 1910, 1920, 1930, 1950, 1970, 1991, 2020, 2040, 2060, 2080, 2101, 2130, 2150, 2171, 2200, 2220, 2241, 2270, 2300, 2330, 2350, 2370, 2381, 2400, 2430, 2460, 2481, 2510, 2530, 2560, 2580, 2610, 2640, 2670, 2700, 2730, 2760, 2800, 2840, 2890, 2930, 2971, 3030, 3090, 3160, 3240, 3330, 3451, 3630, 3960, 6540, 9701]
                 avg          P99       P99.99         P100
Read        19.63μs      9.46μs       2.21ms      10.10ms
Write         2.04μs      3.97μs      6.83μs      9.70μs

=== bench_out8.dat ===
Ops: 2010000  Time: 36.71s  Throughput: 54756.44 ops/sec
Dirty reads: 16203 / 1909459 (0.849%)
  Dirty read avg latency: 2.00ms
read_lats: vec100: [910, 1150, 1230, 1321, 1370, 1380, 1380, 1380, 1380, 1380, 1380, 1381, 1390, 1390, 1400, 1410, 1410, 1430, 1450, 1460, 1470, 1471, 1480, 1480, 1490, 1491, 1500, 1500, 1500, 1510, 1510, 1510, 1520, 1530, 1540, 1560, 1580, 1590, 1610, 1630, 1640, 1660, 1680, 1700, 1730, 1760, 1780, 1800, 1810, 1820, 1830, 1830, 1840, 1850, 1860, 1880, 1901, 1920, 1940, 1950, 1960, 1980, 1990, 2000, 2020, 2040, 2060, 2090, 2110, 2140, 2160, 2180, 2210, 2230, 2260, 2290, 2311, 2350, 2380, 2420, 2460, 2500, 2530, 2580, 2630, 2680, 2740, 2800, 2870, 2941, 3030, 3120, 3220, 3350, 3510, 3730, 4040, 4690, 5850, 8560, 2214635, 10095248]
write_lats: vec100: [870, 1110, 1110, 1110, 1110, 1120, 1120, 1150, 1160, 1180, 1190, 1210, 1220, 1230, 1240, 1260, 1270, 1290, 1320, 1350, 1360, 1370, 1390, 1401, 1430, 1460, 1490, 1510, 1540, 1560, 1580, 1590, 1600, 1600, 1601, 1610, 1610, 1620, 1620, 1640, 1670, 1690, 1710, 1740, 1760, 1790, 1810, 1840, 1870, 1890, 1900, 1920, 1940, 1970, 1991, 2030, 2060, 2080, 2110, 2120, 2150, 2180, 2200, 2240, 2260, 2291, 2320, 2340, 2350, 2360, 2370, 2390, 2410, 2430, 2450, 2480, 2500, 2520, 2540, 2560, 2580, 2600, 2630, 2660, 2690, 2720, 2750, 2790, 2830, 2870, 2910, 2960, 3020, 3071, 3150, 3230, 3330, 3460, 3630, 3950, 5661, 10021]
                 avg          P99       P99.99         P100
Read        18.96μs      8.60μs       2.21ms      10.10ms
Write         2.01μs      3.97μs      6.71μs     10.02μs

Average throughput across all outputs: 37410.56
Average read latency across all outputs: 29.87 us
Average write latency across all outputs: 2.03 us
