Date: 20260521_1723
YCSB workload: workloadb_64_single

============= RepCXL configuration =============
processes = "0-8"
logger_cluster_size = 3
algorithm = "async_best_effort"
pipeline = false
round_time = 10 
read_retries = 1
core_affinity = "20-120" 
============= Benchmark Results =============

=== bench_out0.dat ===
Ops: 2010000  Time: 54.87s  Throughput: 36633.43 ops/sec
Dirty reads: 25141 / 1909146 (1.317%)
  Dirty read avg latency: 2.04ms
read_lats: vec100: [940, 1150, 1250, 1330, 1370, 1370, 1370, 1380, 1380, 1380, 1380, 1380, 1380, 1380, 1380, 1380, 1380, 1380, 1380, 1380, 1380, 1390, 1390, 1390, 1390, 1390, 1400, 1400, 1410, 1410, 1420, 1420, 1430, 1450, 1460, 1470, 1480, 1480, 1480, 1490, 1490, 1490, 1500, 1500, 1510, 1510, 1520, 1520, 1530, 1540, 1550, 1560, 1570, 1580, 1590, 1600, 1610, 1610, 1630, 1640, 1650, 1660, 1680, 1700, 1720, 1730, 1760, 1780, 1800, 1810, 1820, 1831, 1840, 1860, 1880, 1900, 1920, 1940, 1950, 1970, 1990, 2020, 2040, 2070, 2100, 2140, 2180, 2220, 2270, 2330, 2400, 2470, 2560, 2660, 2790, 2950, 3170, 3600, 4680, 2000319, 2216965, 5285220]
write_lats: vec100: [880, 1080, 1090, 1090, 1090, 1090, 1090, 1090, 1090, 1090, 1100, 1100, 1100, 1100, 1110, 1110, 1110, 1120, 1120, 1120, 1130, 1150, 1170, 1180, 1190, 1210, 1220, 1230, 1240, 1250, 1270, 1280, 1300, 1320, 1350, 1360, 1360, 1380, 1400, 1410, 1440, 1460, 1480, 1490, 1510, 1530, 1550, 1570, 1590, 1600, 1610, 1610, 1620, 1620, 1630, 1650, 1670, 1690, 1710, 1730, 1750, 1770, 1790, 1810, 1840, 1860, 1880, 1900, 1910, 1920, 1940, 1960, 1990, 2011, 2050, 2070, 2100, 2120, 2150, 2180, 2210, 2240, 2270, 2310, 2340, 2360, 2380, 2400, 2420, 2450, 2490, 2530, 2560, 2600, 2640, 2700, 2770, 2871, 3010, 3250, 4630, 8790]
                 avg          P99       P99.99         P100
Read        28.61μs       2.00ms       2.21ms       5.29ms
Write         1.70μs      3.27μs      5.59μs      8.79μs

=== bench_out1.dat ===
Ops: 2010000  Time: 54.21s  Throughput: 37080.94 ops/sec
Dirty reads: 24947 / 1909598 (1.306%)
  Dirty read avg latency: 2.03ms
read_lats: vec100: [890, 1140, 1230, 1280, 1360, 1380, 1380, 1380, 1380, 1380, 1380, 1380, 1390, 1390, 1390, 1390, 1390, 1400, 1400, 1410, 1410, 1411, 1420, 1430, 1440, 1450, 1470, 1470, 1480, 1480, 1480, 1490, 1490, 1490, 1500, 1500, 1510, 1510, 1510, 1520, 1520, 1530, 1540, 1550, 1550, 1560, 1570, 1580, 1590, 1600, 1620, 1630, 1640, 1650, 1660, 1670, 1690, 1700, 1720, 1740, 1751, 1770, 1790, 1800, 1810, 1820, 1830, 1840, 1850, 1851, 1870, 1890, 1901, 1920, 1940, 1950, 1970, 1980, 2000, 2030, 2050, 2080, 2110, 2131, 2170, 2210, 2250, 2300, 2360, 2420, 2490, 2570, 2650, 2751, 2890, 3050, 3280, 3751, 4790, 1983369, 2212345, 9689179]
write_lats: vec100: [880, 1110, 1110, 1110, 1120, 1120, 1120, 1120, 1140, 1160, 1170, 1180, 1200, 1210, 1210, 1220, 1230, 1250, 1260, 1280, 1300, 1320, 1340, 1350, 1360, 1380, 1390, 1410, 1440, 1460, 1480, 1490, 1500, 1510, 1530, 1550, 1570, 1590, 1600, 1610, 1620, 1630, 1650, 1660, 1680, 1700, 1710, 1730, 1741, 1760, 1780, 1790, 1810, 1830, 1840, 1860, 1870, 1880, 1890, 1890, 1900, 1901, 1910, 1920, 1930, 1940, 1960, 1980, 1991, 2010, 2030, 2050, 2070, 2100, 2120, 2140, 2160, 2190, 2210, 2230, 2250, 2280, 2310, 2340, 2370, 2390, 2410, 2430, 2460, 2500, 2540, 2570, 2610, 2650, 2700, 2760, 2840, 2940, 3081, 3330, 8050, 10570]
                 avg          P99       P99.99         P100
Read        28.31μs       1.99ms       2.21ms       9.69ms
Write         1.82μs      3.33μs      6.00μs     10.57μs

=== bench_out2.dat ===
Ops: 2010000  Time: 52.58s  Throughput: 38225.01 ops/sec
Dirty reads: 24144 / 1909178 (1.265%)
  Dirty read avg latency: 2.03ms
read_lats: vec100: [920, 1150, 1230, 1290, 1360, 1380, 1380, 1380, 1380, 1380, 1390, 1390, 1390, 1390, 1390, 1390, 1400, 1400, 1410, 1410, 1420, 1420, 1430, 1440, 1450, 1460, 1470, 1480, 1480, 1480, 1490, 1490, 1490, 1500, 1500, 1510, 1510, 1520, 1530, 1530, 1540, 1550, 1560, 1570, 1580, 1590, 1600, 1610, 1620, 1630, 1640, 1650, 1670, 1680, 1690, 1710, 1730, 1740, 1760, 1780, 1790, 1800, 1810, 1820, 1830, 1840, 1841, 1850, 1870, 1880, 1900, 1920, 1930, 1940, 1960, 1970, 1990, 2010, 2030, 2051, 2080, 2110, 2130, 2160, 2200, 2240, 2280, 2330, 2380, 2440, 2501, 2580, 2670, 2770, 2900, 3070, 3310, 3791, 4760, 1966319, 2213614, 9315290]
write_lats: vec100: [880, 1110, 1110, 1110, 1110, 1120, 1120, 1120, 1150, 1160, 1170, 1190, 1200, 1210, 1221, 1240, 1260, 1270, 1290, 1320, 1340, 1350, 1360, 1380, 1400, 1420, 1440, 1460, 1480, 1490, 1500, 1510, 1530, 1540, 1560, 1580, 1590, 1600, 1600, 1610, 1610, 1620, 1630, 1640, 1650, 1670, 1680, 1690, 1710, 1720, 1740, 1750, 1770, 1780, 1800, 1811, 1830, 1840, 1860, 1880, 1890, 1900, 1910, 1930, 1940, 1960, 1980, 2000, 2020, 2050, 2070, 2090, 2110, 2130, 2160, 2180, 2200, 2230, 2260, 2290, 2320, 2340, 2361, 2380, 2390, 2400, 2420, 2440, 2480, 2510, 2540, 2570, 2610, 2650, 2700, 2760, 2840, 2930, 3080, 3330, 5340, 23481]
                 avg          P99       P99.99         P100
Read        27.47μs       1.97ms       2.21ms       9.32ms
Write         1.83μs      3.33μs      6.00μs     23.48μs

=== bench_out3.dat ===
Ops: 2010000  Time: 49.37s  Throughput: 40710.02 ops/sec
Dirty reads: 22314 / 1909198 (1.169%)
  Dirty read avg latency: 2.04ms
read_lats: vec100: [910, 1180, 1250, 1310, 1360, 1380, 1380, 1380, 1380, 1380, 1380, 1381, 1390, 1390, 1390, 1390, 1390, 1400, 1400, 1400, 1400, 1410, 1410, 1411, 1420, 1420, 1430, 1440, 1450, 1460, 1470, 1480, 1480, 1481, 1490, 1490, 1500, 1500, 1510, 1520, 1520, 1530, 1540, 1550, 1560, 1560, 1570, 1580, 1590, 1600, 1610, 1620, 1630, 1640, 1650, 1670, 1680, 1690, 1710, 1720, 1740, 1750, 1770, 1780, 1800, 1810, 1820, 1830, 1840, 1860, 1870, 1890, 1910, 1930, 1950, 1970, 1980, 2000, 2020, 2050, 2080, 2100, 2130, 2160, 2200, 2231, 2280, 2320, 2370, 2430, 2490, 2570, 2660, 2760, 2890, 3060, 3290, 3750, 4620, 1881477, 2211965, 9374342]
write_lats: vec100: [890, 1110, 1110, 1110, 1110, 1120, 1120, 1120, 1140, 1160, 1180, 1190, 1210, 1220, 1230, 1250, 1280, 1300, 1340, 1350, 1360, 1370, 1390, 1410, 1430, 1450, 1460, 1480, 1480, 1490, 1490, 1500, 1510, 1520, 1540, 1550, 1570, 1590, 1600, 1600, 1610, 1620, 1630, 1640, 1660, 1670, 1680, 1700, 1710, 1721, 1740, 1750, 1760, 1780, 1790, 1810, 1820, 1830, 1850, 1860, 1880, 1890, 1900, 1910, 1920, 1930, 1950, 1970, 1981, 2000, 2020, 2040, 2070, 2090, 2110, 2130, 2150, 2180, 2200, 2220, 2250, 2270, 2300, 2330, 2360, 2380, 2400, 2420, 2450, 2490, 2530, 2560, 2600, 2640, 2690, 2760, 2840, 2940, 3080, 3310, 8110, 9750]
                 avg          P99       P99.99         P100
Read        25.60μs       1.89ms       2.21ms       9.37ms
Write         1.82μs      3.31μs      5.79μs      9.75μs

=== bench_out4.dat ===
Ops: 2010000  Time: 46.40s  Throughput: 43321.44 ops/sec
Dirty reads: 21022 / 1909765 (1.101%)
  Dirty read avg latency: 2.03ms
read_lats: vec100: [940, 1180, 1250, 1310, 1360, 1370, 1370, 1370, 1370, 1370, 1371, 1380, 1380, 1380, 1380, 1380, 1381, 1390, 1390, 1400, 1400, 1400, 1410, 1410, 1420, 1420, 1430, 1440, 1450, 1460, 1470, 1470, 1480, 1480, 1490, 1500, 1500, 1500, 1510, 1520, 1520, 1530, 1540, 1550, 1560, 1570, 1580, 1590, 1600, 1610, 1620, 1630, 1640, 1650, 1670, 1680, 1700, 1710, 1730, 1740, 1760, 1780, 1790, 1800, 1810, 1820, 1830, 1850, 1860, 1880, 1910, 1930, 1941, 1960, 1980, 1990, 2020, 2040, 2070, 2100, 2120, 2150, 2180, 2220, 2260, 2300, 2340, 2390, 2440, 2500, 2570, 2650, 2740, 2850, 2980, 3150, 3400, 3830, 4720, 1675871, 2214415, 9731570]
write_lats: vec100: [880, 1100, 1100, 1100, 1110, 1110, 1110, 1110, 1110, 1120, 1150, 1160, 1180, 1190, 1210, 1220, 1230, 1260, 1280, 1310, 1340, 1350, 1360, 1380, 1400, 1420, 1440, 1460, 1470, 1480, 1480, 1490, 1500, 1510, 1530, 1540, 1560, 1580, 1581, 1590, 1600, 1601, 1610, 1630, 1640, 1660, 1670, 1690, 1700, 1720, 1730, 1740, 1760, 1770, 1780, 1800, 1810, 1830, 1840, 1860, 1870, 1881, 1891, 1901, 1920, 1940, 1960, 1970, 1990, 2020, 2040, 2060, 2080, 2101, 2130, 2150, 2180, 2200, 2230, 2260, 2281, 2311, 2340, 2360, 2380, 2410, 2440, 2470, 2510, 2540, 2580, 2620, 2660, 2711, 2780, 2850, 2940, 3050, 3210, 3480, 5170, 31841]
                 avg          P99       P99.99         P100
Read        24.20μs       1.69ms       2.21ms       9.73ms
Write         1.82μs      3.49μs      5.98μs     31.84μs

=== bench_out5.dat ===
Ops: 2010000  Time: 41.92s  Throughput: 47953.21 ops/sec
Dirty reads: 18773 / 1909646 (0.983%)
  Dirty read avg latency: 2.03ms
read_lats: vec100: [930, 1140, 1230, 1300, 1370, 1370, 1370, 1370, 1370, 1371, 1380, 1380, 1380, 1380, 1380, 1390, 1390, 1400, 1400, 1410, 1410, 1420, 1430, 1440, 1450, 1460, 1470, 1480, 1480, 1490, 1490, 1500, 1500, 1500, 1510, 1510, 1510, 1520, 1530, 1540, 1550, 1560, 1570, 1580, 1591, 1610, 1620, 1630, 1640, 1650, 1670, 1680, 1700, 1710, 1730, 1750, 1760, 1780, 1790, 1800, 1810, 1820, 1830, 1840, 1841, 1860, 1880, 1890, 1910, 1930, 1950, 1960, 1970, 1980, 2000, 2020, 2040, 2070, 2090, 2120, 2140, 2170, 2200, 2240, 2271, 2310, 2360, 2410, 2460, 2520, 2580, 2660, 2740, 2850, 2980, 3140, 3371, 3791, 4600, 7730, 2215605, 9741720]
write_lats: vec100: [870, 1100, 1100, 1110, 1110, 1110, 1110, 1110, 1120, 1150, 1160, 1180, 1190, 1210, 1220, 1230, 1250, 1270, 1290, 1320, 1340, 1350, 1360, 1380, 1400, 1420, 1440, 1460, 1480, 1490, 1500, 1520, 1540, 1560, 1580, 1590, 1600, 1610, 1620, 1630, 1650, 1670, 1680, 1700, 1710, 1730, 1740, 1750, 1770, 1790, 1800, 1820, 1830, 1850, 1870, 1880, 1890, 1890, 1900, 1910, 1920, 1940, 1950, 1970, 1990, 2010, 2030, 2050, 2070, 2090, 2110, 2130, 2160, 2180, 2200, 2221, 2250, 2270, 2300, 2330, 2350, 2370, 2380, 2400, 2430, 2460, 2490, 2520, 2550, 2580, 2610, 2650, 2690, 2740, 2800, 2870, 2960, 3080, 3230, 3510, 4950, 7890]
                 avg          P99       P99.99         P100
Read        21.74μs      7.80μs       2.21ms       9.74ms
Write         1.87μs      3.53μs      5.66μs      7.89μs

=== bench_out6.dat ===
Ops: 2010000  Time: 37.43s  Throughput: 53696.32 ops/sec
Dirty reads: 16708 / 1909185 (0.875%)
  Dirty read avg latency: 2.01ms
read_lats: vec100: [930, 1140, 1230, 1290, 1370, 1370, 1370, 1370, 1380, 1380, 1380, 1380, 1380, 1380, 1380, 1390, 1390, 1400, 1400, 1410, 1410, 1420, 1430, 1441, 1460, 1470, 1470, 1480, 1480, 1480, 1490, 1491, 1500, 1500, 1510, 1510, 1511, 1520, 1530, 1540, 1550, 1560, 1571, 1590, 1600, 1610, 1620, 1640, 1650, 1660, 1680, 1700, 1720, 1730, 1750, 1770, 1790, 1800, 1801, 1810, 1820, 1830, 1830, 1840, 1850, 1870, 1880, 1900, 1920, 1930, 1940, 1950, 1970, 1980, 1990, 2010, 2030, 2050, 2080, 2100, 2130, 2150, 2180, 2220, 2250, 2290, 2330, 2380, 2430, 2490, 2550, 2630, 2710, 2810, 2930, 3090, 3300, 3700, 4430, 6540, 2211944, 9752440]
write_lats: vec100: [880, 1100, 1100, 1100, 1110, 1110, 1110, 1110, 1110, 1120, 1150, 1160, 1171, 1190, 1200, 1220, 1230, 1241, 1260, 1280, 1310, 1330, 1340, 1350, 1370, 1390, 1410, 1440, 1460, 1480, 1490, 1500, 1530, 1540, 1570, 1580, 1590, 1590, 1600, 1600, 1610, 1610, 1620, 1640, 1650, 1670, 1690, 1701, 1720, 1740, 1760, 1770, 1790, 1810, 1820, 1840, 1860, 1880, 1891, 1910, 1920, 1940, 1960, 1980, 2010, 2030, 2060, 2080, 2100, 2120, 2140, 2170, 2190, 2220, 2250, 2270, 2300, 2330, 2341, 2360, 2370, 2380, 2390, 2410, 2430, 2460, 2490, 2520, 2550, 2580, 2610, 2640, 2690, 2740, 2800, 2870, 2950, 3070, 3240, 3510, 5740, 9760]
                 avg          P99       P99.99         P100
Read        19.44μs      6.56μs       2.21ms       9.75ms
Write         1.86μs      3.51μs      5.95μs      9.76μs

=== bench_out7.dat ===
Ops: 2010000  Time: 31.99s  Throughput: 62834.46 ops/sec
Dirty reads: 14049 / 1909186 (0.736%)
  Dirty read avg latency: 2.00ms
read_lats: vec100: [930, 1140, 1220, 1290, 1370, 1370, 1370, 1370, 1380, 1380, 1380, 1380, 1380, 1380, 1380, 1380, 1380, 1390, 1390, 1400, 1400, 1410, 1410, 1420, 1430, 1441, 1460, 1470, 1470, 1480, 1480, 1480, 1490, 1491, 1500, 1500, 1500, 1510, 1510, 1510, 1510, 1520, 1520, 1530, 1540, 1550, 1560, 1570, 1590, 1600, 1610, 1620, 1630, 1650, 1660, 1670, 1690, 1710, 1730, 1750, 1770, 1780, 1790, 1800, 1810, 1821, 1830, 1840, 1850, 1870, 1890, 1910, 1930, 1940, 1950, 1970, 1980, 2000, 2020, 2040, 2070, 2100, 2130, 2160, 2200, 2240, 2280, 2330, 2380, 2440, 2500, 2570, 2651, 2750, 2880, 3030, 3220, 3550, 4170, 6000, 2211585, 9765231]
write_lats: vec100: [870, 1100, 1110, 1110, 1110, 1110, 1110, 1110, 1110, 1120, 1120, 1130, 1150, 1161, 1180, 1190, 1210, 1220, 1221, 1230, 1250, 1270, 1280, 1300, 1330, 1340, 1350, 1360, 1370, 1380, 1400, 1420, 1440, 1460, 1480, 1490, 1510, 1530, 1550, 1570, 1590, 1600, 1620, 1630, 1650, 1660, 1690, 1700, 1720, 1740, 1750, 1760, 1780, 1800, 1810, 1830, 1840, 1860, 1880, 1881, 1890, 1900, 1900, 1901, 1910, 1920, 1940, 1960, 1980, 2000, 2020, 2040, 2060, 2080, 2101, 2130, 2160, 2190, 2210, 2240, 2270, 2301, 2340, 2360, 2380, 2400, 2430, 2460, 2500, 2530, 2570, 2600, 2650, 2700, 2760, 2830, 2921, 3040, 3200, 3460, 5801, 8120]
                 avg          P99       P99.99         P100
Read        16.51μs      6.02μs       2.21ms       9.77ms
Write         1.80μs      3.46μs      5.95μs      8.12μs

=== bench_out8.dat ===
Ops: 2010000  Time: 26.24s  Throughput: 76612.77 ops/sec
Dirty reads: 11241 / 1909459 (0.589%)
  Dirty read avg latency: 1.99ms
read_lats: vec100: [910, 1160, 1250, 1360, 1370, 1370, 1370, 1370, 1380, 1380, 1380, 1380, 1380, 1380, 1380, 1380, 1380, 1380, 1380, 1380, 1380, 1380, 1380, 1380, 1390, 1390, 1390, 1391, 1400, 1410, 1410, 1420, 1440, 1450, 1470, 1470, 1470, 1480, 1480, 1480, 1490, 1490, 1500, 1500, 1500, 1510, 1510, 1511, 1520, 1530, 1540, 1550, 1560, 1570, 1580, 1590, 1600, 1610, 1620, 1630, 1640, 1660, 1670, 1690, 1710, 1730, 1750, 1780, 1790, 1810, 1820, 1830, 1840, 1850, 1870, 1890, 1920, 1940, 1950, 1970, 1990, 2000, 2030, 2070, 2100, 2140, 2180, 2221, 2270, 2330, 2390, 2460, 2540, 2640, 2760, 2901, 3100, 3370, 3890, 5460, 2213855, 10000837]
write_lats: vec100: [880, 1100, 1100, 1110, 1110, 1110, 1110, 1110, 1110, 1110, 1110, 1110, 1110, 1110, 1110, 1110, 1110, 1110, 1110, 1111, 1120, 1120, 1120, 1120, 1130, 1150, 1170, 1190, 1190, 1201, 1220, 1230, 1240, 1260, 1270, 1290, 1320, 1340, 1360, 1380, 1390, 1410, 1440, 1460, 1480, 1500, 1530, 1551, 1580, 1590, 1590, 1600, 1600, 1610, 1610, 1620, 1630, 1650, 1680, 1700, 1720, 1740, 1761, 1790, 1811, 1840, 1860, 1880, 1900, 1910, 1920, 1950, 1980, 2010, 2040, 2080, 2101, 2130, 2160, 2200, 2231, 2270, 2310, 2340, 2360, 2370, 2390, 2410, 2440, 2490, 2520, 2551, 2600, 2631, 2690, 2770, 2860, 2980, 3160, 3470, 5351, 8170]
                 avg          P99       P99.99         P100
Read        13.46μs      5.47μs       2.21ms      10.00ms
Write         1.70μs      3.48μs      6.14μs      8.17μs

Average throughput across all outputs: 48562.89
Average read latency across all outputs: 22.82 us
Average write latency across all outputs: 1.80 us
