Date: 20260521_1717
YCSB workload: workloadb_64_single

============= RepCXL configuration =============
processes = "0-8"
logger_cluster_size = 3
algorithm = "fmonster"
pipeline = false
round_time = 10 
read_retries = 10
core_affinity = "20-120" 
============= Benchmark Results =============

=== bench_out0.dat ===
Monster: conflicts=1355, sync_failures=303652, empty_requests=0, try_overtime=101669, check_overtime=101669, replicate_overtime=100314
Ops: 2010000  Time: 8.35s  Throughput: 240811.56 ops/sec
Dirty reads: 1268 / 1909146 (0.066%)
  Dirty read avg latency: 1.84ms
read_lats: vec100: [970, 1340, 1420, 1470, 1510, 1550, 1580, 1610, 1640, 1670, 1700, 1730, 1751, 1771, 1790, 1810, 1820, 1840, 1860, 1870, 1890, 1910, 1920, 1940, 1960, 1980, 1990, 2010, 2020, 2030, 2050, 2060, 2070, 2090, 2110, 2120, 2140, 2150, 2170, 2190, 2200, 2220, 2240, 2260, 2270, 2290, 2310, 2330, 2350, 2370, 2381, 2400, 2420, 2440, 2460, 2480, 2500, 2520, 2540, 2561, 2590, 2610, 2630, 2650, 2680, 2700, 2720, 2750, 2770, 2800, 2820, 2850, 2871, 2900, 2930, 2960, 2990, 3020, 3050, 3090, 3120, 3160, 3200, 3240, 3280, 3330, 3380, 3440, 3510, 3590, 3680, 3790, 3921, 4110, 4360, 4660, 4980, 5330, 5740, 6330, 2194064, 10118949]
write_lats: vec100: [3930, 4330, 4450, 4531, 4600, 4660, 4720, 4770, 4820, 4860, 4900, 4940, 4971, 5010, 5040, 5070, 5100, 5130, 5160, 5190, 5220, 5250, 5271, 5300, 5330, 5350, 5380, 5401, 5430, 5451, 5480, 5500, 5530, 5550, 5571, 5600, 5620, 5640, 5670, 5690, 5720, 5740, 5760, 5781, 5810, 5830, 5851, 5880, 5900, 5920, 5950, 5970, 5990, 6020, 6040, 6061, 6090, 6110, 6131, 6160, 6181, 6210, 6231, 6260, 6290, 6310, 6340, 6361, 6390, 6420, 6450, 6480, 6510, 6540, 6561, 6600, 6630, 6660, 6700, 6730, 6770, 6810, 6850, 6890, 6931, 6980, 7030, 7080, 7140, 7191, 7260, 7330, 7411, 7500, 7600, 7721, 7870, 8080, 8381, 9230, 13900, 25220]
                 avg          P99       P99.99         P100
Read         3.83μs      6.33μs       2.18ms      10.12ms
Write         6.06μs      9.35μs     15.93μs     25.22μs

=== bench_out1.dat ===
Monster: conflicts=10543, sync_failures=314900, empty_requests=0, try_overtime=108481, check_overtime=108481, replicate_overtime=97938
Ops: 2010000  Time: 8.32s  Throughput: 241563.31 ops/sec
Dirty reads: 1221 / 1909598 (0.064%)
  Dirty read avg latency: 1.84ms
read_lats: vec100: [940, 1340, 1420, 1480, 1530, 1560, 1590, 1620, 1650, 1680, 1710, 1740, 1760, 1780, 1800, 1810, 1830, 1840, 1860, 1880, 1890, 1910, 1930, 1950, 1960, 1980, 2000, 2010, 2020, 2040, 2050, 2061, 2080, 2100, 2110, 2130, 2140, 2160, 2180, 2190, 2210, 2230, 2250, 2270, 2280, 2300, 2320, 2340, 2360, 2380, 2400, 2420, 2431, 2450, 2470, 2490, 2511, 2540, 2560, 2580, 2600, 2620, 2640, 2670, 2690, 2710, 2740, 2760, 2780, 2810, 2831, 2860, 2890, 2911, 2940, 2970, 3000, 3030, 3060, 3100, 3130, 3170, 3200, 3241, 3290, 3340, 3390, 3450, 3511, 3591, 3690, 3790, 3920, 4100, 4340, 4630, 4970, 5330, 5740, 6340, 2188983, 10081029]
write_lats: vec100: [3751, 4340, 4461, 4560, 4640, 4700, 4770, 4820, 4870, 4920, 4960, 5000, 5040, 5071, 5110, 5140, 5180, 5210, 5240, 5270, 5300, 5330, 5360, 5390, 5420, 5450, 5470, 5500, 5530, 5550, 5580, 5601, 5630, 5660, 5680, 5710, 5730, 5760, 5780, 5810, 5830, 5860, 5880, 5910, 5930, 5960, 5980, 6010, 6040, 6060, 6090, 6110, 6140, 6160, 6190, 6210, 6240, 6261, 6290, 6320, 6341, 6370, 6400, 6421, 6450, 6480, 6510, 6540, 6570, 6601, 6640, 6680, 6710, 6750, 6790, 6830, 6870, 6920, 6960, 7010, 7070, 7120, 7180, 7241, 7320, 7400, 7490, 7590, 7700, 7840, 8020, 8271, 8740, 9671, 10340, 10840, 11310, 11800, 12410, 13620, 51971, 60132]
                 avg          P99       P99.99         P100
Read         3.80μs      6.34μs       2.18ms      10.08ms
Write         6.49μs     13.62μs     26.23μs     60.13μs

=== bench_out2.dat ===
Monster: conflicts=21278, sync_failures=330706, empty_requests=0, try_overtime=117328, check_overtime=117328, replicate_overtime=96050
Ops: 2010000  Time: 7.88s  Throughput: 255137.93 ops/sec
Dirty reads: 1107 / 1909178 (0.058%)
  Dirty read avg latency: 1.83ms
read_lats: vec100: [940, 1340, 1420, 1480, 1520, 1560, 1590, 1620, 1650, 1680, 1710, 1730, 1760, 1780, 1790, 1810, 1820, 1840, 1850, 1870, 1890, 1900, 1920, 1940, 1951, 1970, 1990, 2000, 2020, 2030, 2040, 2060, 2070, 2081, 2100, 2120, 2130, 2150, 2160, 2180, 2200, 2210, 2230, 2250, 2270, 2280, 2300, 2320, 2340, 2360, 2380, 2400, 2411, 2430, 2450, 2470, 2490, 2510, 2531, 2560, 2580, 2600, 2620, 2640, 2670, 2690, 2710, 2740, 2760, 2790, 2810, 2840, 2860, 2890, 2920, 2950, 2980, 3010, 3040, 3070, 3110, 3140, 3180, 3220, 3260, 3310, 3360, 3420, 3490, 3570, 3660, 3770, 3900, 4080, 4321, 4620, 4950, 5300, 5700, 6280, 2190004, 10082268]
write_lats: vec100: [3770, 4370, 4500, 4590, 4660, 4730, 4800, 4851, 4910, 4950, 4991, 5031, 5071, 5110, 5150, 5180, 5220, 5250, 5290, 5320, 5350, 5380, 5410, 5440, 5470, 5500, 5530, 5560, 5580, 5610, 5640, 5660, 5690, 5720, 5741, 5770, 5800, 5830, 5850, 5880, 5910, 5930, 5960, 5990, 6011, 6040, 6070, 6100, 6121, 6150, 6180, 6210, 6240, 6270, 6300, 6330, 6360, 6390, 6420, 6450, 6480, 6510, 6550, 6580, 6610, 6650, 6681, 6721, 6770, 6810, 6851, 6900, 6951, 7010, 7060, 7120, 7180, 7240, 7320, 7400, 7500, 7600, 7730, 7890, 8081, 8410, 9010, 9660, 10100, 10440, 10741, 11021, 11290, 11561, 11851, 12200, 12640, 13290, 14941, 17130, 28910, 56381]
                 avg          P99       P99.99         P100
Read         3.67μs      6.28μs       2.18ms      10.08ms
Write         6.94μs     17.17μs     31.54μs     56.38μs

=== bench_out3.dat ===
Monster: conflicts=33981, sync_failures=344751, empty_requests=0, try_overtime=126244, check_overtime=126244, replicate_overtime=92263
Ops: 2010000  Time: 8.14s  Throughput: 246956.07 ops/sec
Dirty reads: 1113 / 1909198 (0.058%)
  Dirty read avg latency: 1.83ms
read_lats: vec100: [970, 1330, 1410, 1460, 1510, 1550, 1580, 1610, 1640, 1670, 1700, 1730, 1750, 1770, 1790, 1800, 1820, 1830, 1850, 1870, 1880, 1900, 1920, 1930, 1950, 1970, 1980, 2000, 2010, 2030, 2040, 2050, 2061, 2080, 2091, 2110, 2130, 2140, 2160, 2170, 2190, 2210, 2220, 2240, 2260, 2280, 2291, 2310, 2330, 2350, 2370, 2390, 2410, 2430, 2441, 2460, 2480, 2501, 2530, 2550, 2570, 2590, 2610, 2630, 2660, 2680, 2700, 2730, 2750, 2770, 2800, 2821, 2850, 2880, 2910, 2931, 2960, 2990, 3030, 3060, 3090, 3130, 3160, 3200, 3241, 3290, 3340, 3400, 3470, 3540, 3630, 3740, 3860, 4030, 4280, 4580, 4920, 5270, 5680, 6260, 2187894, 10081398]
write_lats: vec100: [3840, 4360, 4490, 4580, 4660, 4730, 4800, 4860, 4910, 4960, 5010, 5060, 5091, 5131, 5170, 5210, 5250, 5280, 5320, 5350, 5380, 5410, 5440, 5471, 5501, 5531, 5570, 5600, 5630, 5660, 5690, 5720, 5740, 5770, 5800, 5830, 5860, 5881, 5910, 5940, 5970, 6000, 6030, 6051, 6080, 6110, 6140, 6171, 6201, 6231, 6261, 6300, 6330, 6360, 6400, 6430, 6460, 6491, 6530, 6570, 6610, 6650, 6690, 6730, 6780, 6820, 6870, 6920, 6980, 7031, 7091, 7160, 7231, 7310, 7410, 7510, 7630, 7780, 7980, 8260, 8771, 9371, 9810, 10121, 10391, 10620, 10830, 11041, 11250, 11470, 11690, 11920, 12190, 12511, 12921, 13590, 14911, 16100, 17330, 19940, 46762, 2056040]
                 avg          P99       P99.99         P100
Read         3.66μs      6.26μs       2.18ms      10.08ms
Write         7.40μs     19.94μs     39.28μs       2.06ms

=== bench_out4.dat ===
Monster: conflicts=45342, sync_failures=373197, empty_requests=0, try_overtime=139513, check_overtime=139513, replicate_overtime=94171
Ops: 2010000  Time: 8.52s  Throughput: 235956.93 ops/sec
Dirty reads: 1106 / 1909765 (0.058%)
  Dirty read avg latency: 1.83ms
read_lats: vec100: [890, 1350, 1430, 1500, 1550, 1600, 1650, 1690, 1730, 1760, 1790, 1810, 1830, 1860, 1880, 1900, 1930, 1950, 1970, 1990, 2010, 2020, 2040, 2060, 2070, 2090, 2110, 2130, 2141, 2160, 2180, 2200, 2210, 2230, 2250, 2260, 2280, 2300, 2310, 2330, 2350, 2360, 2380, 2400, 2420, 2440, 2460, 2470, 2490, 2510, 2530, 2550, 2570, 2590, 2610, 2630, 2650, 2670, 2690, 2720, 2740, 2760, 2780, 2810, 2830, 2860, 2880, 2910, 2930, 2960, 2990, 3010, 3040, 3070, 3100, 3130, 3160, 3190, 3230, 3260, 3300, 3340, 3380, 3430, 3480, 3530, 3590, 3660, 3730, 3810, 3900, 4010, 4170, 4360, 4610, 4940, 5291, 5690, 6140, 6780, 2190934, 10081499]
write_lats: vec100: [3520, 4200, 4350, 4460, 4550, 4630, 4710, 4780, 4841, 4901, 4960, 5020, 5070, 5120, 5170, 5211, 5260, 5300, 5341, 5380, 5420, 5460, 5500, 5540, 5570, 5610, 5650, 5690, 5720, 5760, 5790, 5830, 5870, 5900, 5940, 5970, 6010, 6040, 6080, 6110, 6150, 6180, 6220, 6250, 6290, 6321, 6360, 6400, 6431, 6470, 6510, 6550, 6590, 6630, 6680, 6720, 6770, 6820, 6870, 6921, 6980, 7040, 7100, 7170, 7250, 7330, 7420, 7520, 7640, 7770, 7930, 8160, 8501, 9020, 9540, 9900, 10190, 10431, 10640, 10840, 11030, 11210, 11390, 11561, 11750, 11940, 12141, 12380, 12640, 12950, 13340, 13920, 14780, 15580, 16340, 17081, 17931, 19221, 21420, 24591, 43331, 60811]
                 avg          P99       P99.99         P100
Read         3.82μs      6.78μs       2.18ms      10.08ms
Write         8.20μs     24.83μs     48.99μs     60.81μs

=== bench_out5.dat ===
Monster: conflicts=62710, sync_failures=400145, empty_requests=0, try_overtime=154285, check_overtime=154285, replicate_overtime=91575
Ops: 2010000  Time: 8.51s  Throughput: 236067.14 ops/sec
Dirty reads: 1066 / 1909646 (0.056%)
  Dirty read avg latency: 1.82ms
read_lats: vec100: [880, 1340, 1420, 1490, 1540, 1590, 1640, 1680, 1720, 1750, 1780, 1800, 1820, 1850, 1870, 1890, 1920, 1940, 1960, 1980, 2000, 2020, 2030, 2050, 2070, 2080, 2100, 2120, 2140, 2160, 2170, 2190, 2210, 2230, 2240, 2260, 2280, 2290, 2310, 2330, 2341, 2360, 2380, 2400, 2420, 2440, 2460, 2471, 2490, 2510, 2530, 2550, 2570, 2590, 2610, 2630, 2650, 2680, 2700, 2720, 2740, 2770, 2790, 2810, 2840, 2860, 2890, 2910, 2940, 2970, 2990, 3020, 3050, 3080, 3110, 3140, 3170, 3200, 3240, 3270, 3310, 3350, 3391, 3440, 3490, 3541, 3601, 3670, 3740, 3820, 3910, 4020, 4170, 4360, 4600, 4920, 5290, 5700, 6160, 6810, 2192584, 10081728]
write_lats: vec100: [3590, 4160, 4310, 4430, 4520, 4610, 4690, 4770, 4840, 4910, 4970, 5030, 5090, 5140, 5190, 5240, 5281, 5330, 5380, 5420, 5461, 5501, 5541, 5590, 5630, 5670, 5710, 5741, 5780, 5820, 5860, 5900, 5940, 5980, 6020, 6060, 6100, 6140, 6180, 6220, 6260, 6300, 6340, 6380, 6420, 6461, 6510, 6550, 6600, 6650, 6700, 6750, 6801, 6860, 6920, 6990, 7051, 7130, 7200, 7290, 7380, 7490, 7610, 7751, 7940, 8200, 8550, 9031, 9471, 9811, 10071, 10300, 10500, 10680, 10851, 11020, 11180, 11340, 11491, 11660, 11830, 12030, 12220, 12440, 12690, 12990, 13340, 13880, 14540, 15220, 15791, 16321, 16840, 17421, 18190, 19361, 20951, 22471, 24900, 28750, 46871, 7644069]
                 avg          P99       P99.99         P100
Read         3.78μs      6.82μs       2.18ms      10.08ms
Write         9.01μs     29.04μs     59.04μs       7.64ms

=== bench_out6.dat ===
Monster: conflicts=84255, sync_failures=431649, empty_requests=0, try_overtime=171968, check_overtime=171968, replicate_overtime=87713
Ops: 2010000  Time: 8.49s  Throughput: 236828.49 ops/sec
Dirty reads: 1034 / 1909185 (0.054%)
  Dirty read avg latency: 1.81ms
read_lats: vec100: [920, 1330, 1410, 1480, 1530, 1571, 1620, 1670, 1710, 1750, 1770, 1800, 1820, 1840, 1860, 1880, 1910, 1930, 1950, 1970, 1990, 2010, 2020, 2040, 2050, 2070, 2090, 2110, 2130, 2140, 2160, 2180, 2200, 2210, 2230, 2250, 2260, 2280, 2300, 2310, 2330, 2350, 2360, 2380, 2400, 2420, 2440, 2460, 2480, 2491, 2510, 2530, 2550, 2570, 2590, 2610, 2630, 2651, 2680, 2700, 2720, 2740, 2770, 2790, 2820, 2840, 2861, 2890, 2920, 2940, 2970, 3000, 3030, 3050, 3080, 3110, 3141, 3180, 3210, 3241, 3280, 3320, 3361, 3410, 3460, 3510, 3570, 3631, 3701, 3780, 3870, 3980, 4130, 4310, 4550, 4870, 5250, 5650, 6110, 6760, 2187224, 10083098]
write_lats: vec100: [3760, 4190, 4310, 4420, 4520, 4600, 4690, 4770, 4850, 4930, 4990, 5060, 5120, 5180, 5240, 5290, 5340, 5400, 5440, 5490, 5540, 5580, 5630, 5670, 5720, 5770, 5810, 5860, 5900, 5940, 5990, 6030, 6071, 6120, 6160, 6210, 6251, 6300, 6340, 6390, 6431, 6480, 6530, 6571, 6630, 6680, 6740, 6790, 6850, 6911, 6980, 7060, 7140, 7230, 7330, 7440, 7570, 7730, 7920, 8180, 8550, 9021, 9450, 9770, 10050, 10261, 10470, 10641, 10820, 10980, 11140, 11300, 11460, 11620, 11780, 11950, 12121, 12320, 12530, 12770, 13060, 13390, 13870, 14410, 15020, 15541, 16010, 16430, 16831, 17290, 17820, 18460, 19331, 20420, 21550, 22660, 24221, 26371, 29100, 33811, 64612, 79832]
                 avg          P99       P99.99         P100
Read         3.73μs      6.77μs       2.18ms      10.08ms
Write         9.85μs     33.92μs     65.73μs     79.83μs

=== bench_out7.dat ===
Monster: conflicts=111347, sync_failures=472936, empty_requests=0, try_overtime=194761, check_overtime=194761, replicate_overtime=83414
Ops: 2010000  Time: 8.54s  Throughput: 235255.56 ops/sec
Dirty reads: 1002 / 1909186 (0.052%)
  Dirty read avg latency: 1.80ms
read_lats: vec100: [910, 1310, 1380, 1420, 1470, 1500, 1540, 1580, 1630, 1670, 1710, 1740, 1770, 1790, 1820, 1840, 1860, 1890, 1910, 1930, 1951, 1970, 1990, 2010, 2030, 2050, 2070, 2080, 2100, 2120, 2140, 2160, 2180, 2200, 2220, 2230, 2250, 2270, 2290, 2301, 2320, 2340, 2360, 2380, 2400, 2420, 2440, 2460, 2480, 2500, 2520, 2540, 2560, 2580, 2600, 2620, 2640, 2670, 2690, 2710, 2730, 2760, 2780, 2810, 2830, 2860, 2880, 2910, 2940, 2960, 2990, 3020, 3050, 3080, 3110, 3140, 3170, 3200, 3240, 3270, 3310, 3350, 3400, 3440, 3490, 3550, 3610, 3670, 3740, 3820, 3900, 4010, 4150, 4330, 4560, 4871, 5260, 5680, 6160, 6830, 2186954, 10082669]
write_lats: vec100: [3510, 4100, 4190, 4270, 4370, 4451, 4540, 4630, 4720, 4810, 4910, 4990, 5061, 5140, 5200, 5270, 5321, 5381, 5440, 5500, 5550, 5610, 5660, 5711, 5760, 5811, 5870, 5920, 5970, 6020, 6070, 6120, 6170, 6220, 6270, 6321, 6380, 6431, 6490, 6541, 6601, 6670, 6730, 6800, 6870, 6950, 7031, 7130, 7230, 7350, 7490, 7650, 7850, 8130, 8530, 9011, 9440, 9761, 10020, 10240, 10450, 10631, 10801, 10960, 11130, 11290, 11430, 11581, 11741, 11911, 12071, 12260, 12460, 12661, 12901, 13180, 13560, 14021, 14561, 15110, 15550, 15951, 16341, 16730, 17100, 17530, 17990, 18561, 19260, 20140, 21011, 21900, 22781, 23831, 25350, 27001, 28781, 31261, 34631, 40561, 82962, 111793]
                 avg          P99       P99.99         P100
Read         3.69μs      6.83μs       2.18ms      10.08ms
Write        10.99μs     40.71μs     84.64μs    111.79μs

=== bench_out8.dat ===
Monster: conflicts=145407, sync_failures=519057, empty_requests=0, try_overtime=221488, check_overtime=221488, replicate_overtime=76081
Ops: 2010000  Time: 8.59s  Throughput: 233954.09 ops/sec
Dirty reads: 979 / 1909459 (0.051%)
  Dirty read avg latency: 1.79ms
read_lats: vec100: [930, 1330, 1370, 1390, 1420, 1470, 1500, 1530, 1570, 1610, 1650, 1690, 1730, 1760, 1780, 1810, 1830, 1850, 1880, 1900, 1930, 1950, 1970, 1990, 2010, 2030, 2040, 2060, 2080, 2100, 2120, 2140, 2160, 2180, 2200, 2210, 2230, 2250, 2270, 2290, 2300, 2320, 2340, 2360, 2380, 2400, 2420, 2440, 2460, 2480, 2500, 2520, 2540, 2560, 2580, 2600, 2620, 2640, 2670, 2690, 2710, 2740, 2760, 2790, 2810, 2840, 2860, 2890, 2920, 2940, 2970, 3000, 3030, 3060, 3090, 3120, 3150, 3180, 3220, 3250, 3290, 3330, 3380, 3420, 3470, 3530, 3590, 3650, 3720, 3800, 3880, 3990, 4130, 4310, 4540, 4850, 5231, 5660, 6140, 6810, 2190294, 10076109]
write_lats: vec100: [3650, 4050, 4120, 4200, 4261, 4340, 4421, 4510, 4610, 4700, 4800, 4890, 4990, 5070, 5160, 5240, 5310, 5380, 5450, 5510, 5580, 5640, 5710, 5770, 5830, 5890, 5950, 6010, 6070, 6130, 6200, 6260, 6321, 6390, 6460, 6530, 6610, 6680, 6770, 6850, 6941, 7050, 7160, 7300, 7471, 7670, 7940, 8301, 8770, 9200, 9580, 9870, 10110, 10321, 10510, 10690, 10860, 11011, 11170, 11330, 11490, 11650, 11801, 11971, 12150, 12330, 12540, 12770, 13021, 13320, 13660, 14120, 14581, 15071, 15480, 15830, 16200, 16521, 16871, 17211, 17581, 18010, 18511, 19110, 19791, 20501, 21200, 21870, 22541, 23281, 24201, 25331, 26460, 27761, 29261, 31011, 33140, 36041, 40161, 47242, 82082, 137113]
                 avg          P99       P99.99         P100
Read         3.64μs      6.81μs       2.18ms      10.08ms
Write        12.37μs     47.65μs     93.41μs    137.11μs

Average throughput across all outputs: 240282.22
Average read latency across all outputs: 3.74 us
Average write latency across all outputs: 8.59 us
