Date: 20260521_1716
YCSB workload: workloadb_64_single

============= RepCXL configuration =============
processes = "0-8"
logger_cluster_size = 3
algorithm = "fmonster"
pipeline = false
round_time = 10 
read_retries = 1
core_affinity = "20-120" 
============= Benchmark Results =============

=== bench_out0.dat ===
Monster: conflicts=868, sync_failures=303182, empty_requests=0, try_overtime=101350, check_overtime=101350, replicate_overtime=100482
Ops: 2010000  Time: 9.25s  Throughput: 217394.75 ops/sec
Dirty reads: 3091 / 1909146 (0.162%)
  Dirty read avg latency: 1.38ms
read_lats: vec100: [950, 1220, 1280, 1330, 1370, 1371, 1380, 1390, 1400, 1410, 1410, 1420, 1430, 1450, 1460, 1470, 1480, 1490, 1500, 1510, 1520, 1530, 1540, 1550, 1560, 1570, 1580, 1600, 1610, 1620, 1630, 1650, 1660, 1680, 1690, 1710, 1720, 1740, 1750, 1770, 1780, 1790, 1800, 1810, 1821, 1840, 1850, 1860, 1880, 1890, 1900, 1920, 1940, 1950, 1970, 1980, 2000, 2020, 2030, 2050, 2070, 2080, 2100, 2120, 2131, 2151, 2180, 2200, 2220, 2240, 2270, 2290, 2320, 2340, 2370, 2400, 2430, 2460, 2490, 2530, 2560, 2600, 2640, 2680, 2720, 2770, 2820, 2870, 2930, 2991, 3061, 3140, 3230, 3330, 3470, 3650, 3870, 4201, 4680, 5390, 2189224, 9917964]
write_lats: vec100: [3640, 4101, 4140, 4170, 4200, 4230, 4260, 4290, 4320, 4340, 4370, 4391, 4420, 4440, 4460, 4480, 4500, 4520, 4531, 4550, 4570, 4590, 4610, 4630, 4641, 4660, 4680, 4700, 4720, 4740, 4760, 4771, 4790, 4811, 4830, 4850, 4871, 4891, 4920, 4940, 4960, 4980, 5000, 5020, 5040, 5060, 5080, 5110, 5130, 5150, 5170, 5190, 5211, 5240, 5260, 5281, 5310, 5330, 5360, 5380, 5410, 5430, 5460, 5481, 5510, 5540, 5561, 5590, 5620, 5650, 5680, 5711, 5750, 5780, 5810, 5841, 5880, 5911, 5950, 5980, 6020, 6060, 6110, 6150, 6200, 6250, 6301, 6360, 6420, 6480, 6550, 6620, 6700, 6790, 6900, 7020, 7160, 7350, 7630, 8200, 12861, 20371]
                 avg          P99       P99.99         P100
Read         4.35μs      5.39μs       2.17ms       9.92ms
Write         5.36μs      8.26μs     14.71μs     20.37μs

=== bench_out1.dat ===
Monster: conflicts=7226, sync_failures=310000, empty_requests=0, try_overtime=105742, check_overtime=105742, replicate_overtime=98516
Ops: 2010000  Time: 9.14s  Throughput: 219910.86 ops/sec
Dirty reads: 2968 / 1909598 (0.155%)
  Dirty read avg latency: 1.37ms
read_lats: vec100: [940, 1231, 1290, 1340, 1380, 1400, 1400, 1410, 1410, 1420, 1430, 1440, 1450, 1460, 1470, 1480, 1490, 1500, 1510, 1520, 1530, 1540, 1550, 1560, 1570, 1580, 1600, 1610, 1620, 1630, 1641, 1660, 1670, 1690, 1700, 1720, 1730, 1750, 1760, 1780, 1790, 1800, 1810, 1820, 1830, 1840, 1860, 1870, 1880, 1900, 1910, 1930, 1950, 1960, 1980, 1990, 2010, 2030, 2040, 2060, 2080, 2100, 2110, 2130, 2150, 2170, 2200, 2220, 2240, 2270, 2290, 2320, 2341, 2370, 2400, 2430, 2460, 2490, 2520, 2560, 2600, 2630, 2670, 2711, 2760, 2810, 2860, 2910, 2970, 3031, 3100, 3180, 3261, 3370, 3510, 3680, 3900, 4230, 4720, 5440, 2179914, 8335896]
write_lats: vec100: [3770, 4100, 4140, 4170, 4210, 4240, 4270, 4300, 4330, 4360, 4381, 4410, 4430, 4460, 4480, 4500, 4520, 4531, 4551, 4580, 4591, 4610, 4630, 4650, 4670, 4691, 4711, 4740, 4760, 4780, 4800, 4820, 4840, 4860, 4890, 4910, 4930, 4950, 4971, 5000, 5020, 5040, 5061, 5090, 5110, 5130, 5160, 5180, 5200, 5230, 5250, 5280, 5300, 5330, 5350, 5380, 5401, 5430, 5460, 5490, 5520, 5540, 5570, 5600, 5630, 5660, 5691, 5721, 5760, 5790, 5821, 5860, 5900, 5940, 5980, 6020, 6050, 6100, 6140, 6181, 6230, 6280, 6330, 6390, 6450, 6510, 6580, 6660, 6750, 6850, 6961, 7091, 7260, 7490, 7851, 8670, 9610, 10330, 11050, 12100, 42481, 52841]
                 avg          P99       P99.99         P100
Read         4.27μs      5.45μs       2.17ms       8.34ms
Write         5.64μs     12.10μs     25.35μs     52.84μs

=== bench_out2.dat ===
Monster: conflicts=14713, sync_failures=319699, empty_requests=0, try_overtime=111471, check_overtime=111471, replicate_overtime=96757
Ops: 2010000  Time: 9.22s  Throughput: 217907.37 ops/sec
Dirty reads: 3018 / 1909178 (0.158%)
  Dirty read avg latency: 1.40ms
read_lats: vec100: [940, 1220, 1280, 1330, 1370, 1380, 1380, 1390, 1400, 1410, 1420, 1430, 1440, 1450, 1460, 1470, 1480, 1490, 1500, 1510, 1520, 1530, 1540, 1560, 1561, 1571, 1590, 1600, 1610, 1620, 1640, 1650, 1660, 1680, 1690, 1710, 1720, 1740, 1750, 1770, 1780, 1790, 1800, 1810, 1820, 1840, 1850, 1860, 1870, 1890, 1900, 1920, 1930, 1950, 1961, 1980, 2000, 2010, 2030, 2040, 2060, 2080, 2100, 2110, 2130, 2150, 2170, 2190, 2210, 2240, 2260, 2280, 2310, 2331, 2360, 2390, 2420, 2450, 2480, 2510, 2550, 2581, 2620, 2660, 2710, 2750, 2800, 2850, 2910, 2971, 3040, 3120, 3201, 3310, 3440, 3620, 3840, 4180, 4650, 5341, 2181864, 9883974]
write_lats: vec100: [3820, 4110, 4150, 4180, 4220, 4250, 4280, 4310, 4340, 4370, 4400, 4430, 4450, 4470, 4490, 4510, 4530, 4550, 4570, 4590, 4610, 4630, 4650, 4670, 4690, 4710, 4740, 4760, 4780, 4800, 4830, 4850, 4870, 4900, 4920, 4940, 4960, 4990, 5010, 5040, 5060, 5080, 5110, 5130, 5160, 5180, 5210, 5230, 5260, 5290, 5310, 5340, 5370, 5391, 5420, 5450, 5480, 5510, 5540, 5570, 5610, 5640, 5670, 5700, 5740, 5770, 5810, 5840, 5880, 5920, 5960, 6010, 6050, 6090, 6140, 6190, 6240, 6290, 6350, 6410, 6470, 6531, 6610, 6690, 6780, 6880, 7000, 7141, 7321, 7580, 8050, 8800, 9320, 9760, 10160, 10561, 11000, 11530, 12300, 14571, 26001, 2404429]
                 avg          P99       P99.99         P100
Read         4.32μs      5.35μs       2.16ms       9.88ms
Write         5.94μs     14.66μs     28.01μs       2.40ms

=== bench_out3.dat ===
Monster: conflicts=22892, sync_failures=329392, empty_requests=0, try_overtime=117428, check_overtime=117428, replicate_overtime=94536
Ops: 2010000  Time: 9.03s  Throughput: 222567.89 ops/sec
Dirty reads: 2873 / 1909198 (0.150%)
  Dirty read avg latency: 1.39ms
read_lats: vec100: [940, 1220, 1280, 1330, 1370, 1380, 1380, 1390, 1400, 1410, 1410, 1420, 1430, 1450, 1460, 1470, 1480, 1490, 1500, 1510, 1520, 1530, 1540, 1550, 1560, 1570, 1580, 1590, 1610, 1620, 1630, 1640, 1660, 1670, 1690, 1700, 1720, 1730, 1750, 1760, 1771, 1790, 1800, 1810, 1820, 1830, 1840, 1860, 1870, 1880, 1900, 1910, 1930, 1940, 1960, 1971, 1990, 2010, 2020, 2040, 2060, 2070, 2090, 2110, 2130, 2140, 2170, 2190, 2210, 2230, 2260, 2280, 2310, 2330, 2360, 2380, 2410, 2440, 2480, 2510, 2540, 2580, 2620, 2660, 2700, 2750, 2800, 2850, 2901, 2970, 3040, 3110, 3190, 3290, 3420, 3600, 3830, 4150, 4630, 5320, 2179133, 9888534]
write_lats: vec100: [3880, 4110, 4150, 4180, 4220, 4250, 4280, 4320, 4350, 4380, 4410, 4430, 4451, 4480, 4500, 4520, 4540, 4560, 4590, 4610, 4630, 4650, 4670, 4691, 4720, 4740, 4760, 4780, 4801, 4830, 4850, 4880, 4900, 4930, 4950, 4971, 5000, 5020, 5050, 5070, 5100, 5120, 5150, 5170, 5200, 5221, 5250, 5280, 5301, 5331, 5360, 5390, 5420, 5450, 5480, 5511, 5540, 5580, 5610, 5640, 5680, 5710, 5750, 5780, 5820, 5860, 5900, 5940, 5980, 6020, 6070, 6111, 6160, 6220, 6270, 6330, 6391, 6460, 6540, 6620, 6710, 6811, 6941, 7100, 7291, 7580, 8070, 8710, 9130, 9470, 9770, 10071, 10371, 10690, 11011, 11401, 11911, 12730, 14540, 16760, 1955418, 8144011]
                 avg          P99       P99.99         P100
Read         4.20μs      5.33μs       2.16ms       9.89ms
Write         6.30μs     16.76μs     33.06μs       8.14ms

=== bench_out4.dat ===
Monster: conflicts=27718, sync_failures=345374, empty_requests=0, try_overtime=124364, check_overtime=124364, replicate_overtime=96646
Ops: 2010000  Time: 9.29s  Throughput: 216387.79 ops/sec
Dirty reads: 2932 / 1909765 (0.154%)
  Dirty read avg latency: 1.38ms
read_lats: vec100: [930, 1190, 1270, 1340, 1370, 1370, 1380, 1390, 1400, 1410, 1420, 1430, 1450, 1460, 1470, 1480, 1500, 1510, 1520, 1530, 1550, 1560, 1570, 1590, 1600, 1620, 1630, 1650, 1670, 1680, 1700, 1720, 1740, 1750, 1770, 1780, 1790, 1800, 1820, 1830, 1840, 1850, 1870, 1880, 1900, 1920, 1930, 1950, 1960, 1980, 1990, 2010, 2020, 2040, 2060, 2070, 2090, 2110, 2120, 2140, 2160, 2180, 2200, 2220, 2240, 2260, 2280, 2300, 2330, 2350, 2370, 2400, 2430, 2450, 2480, 2510, 2540, 2570, 2601, 2640, 2680, 2711, 2760, 2800, 2840, 2890, 2941, 3000, 3060, 3130, 3190, 3270, 3370, 3481, 3630, 3801, 4030, 4390, 4910, 5690, 2181823, 9871533]
write_lats: vec100: [3580, 4060, 4081, 4110, 4140, 4170, 4200, 4230, 4251, 4290, 4310, 4340, 4370, 4390, 4410, 4440, 4460, 4480, 4500, 4530, 4550, 4571, 4600, 4620, 4640, 4670, 4690, 4720, 4740, 4770, 4800, 4821, 4850, 4880, 4901, 4930, 4960, 4990, 5020, 5050, 5080, 5110, 5140, 5170, 5191, 5230, 5260, 5290, 5320, 5350, 5390, 5420, 5450, 5490, 5530, 5560, 5600, 5640, 5680, 5721, 5770, 5810, 5860, 5900, 5950, 6000, 6050, 6110, 6161, 6220, 6290, 6350, 6420, 6500, 6581, 6680, 6790, 6920, 7060, 7250, 7520, 7910, 8470, 8840, 9130, 9390, 9631, 9880, 10131, 10391, 10680, 10960, 11290, 11680, 12191, 12921, 13991, 15241, 16750, 19551, 35130, 50452]
                 avg          P99       P99.99         P100
Read         4.32μs      5.69μs       2.16ms       9.87ms
Write         6.55μs     19.65μs     41.83μs     50.45μs

=== bench_out5.dat ===
Monster: conflicts=38544, sync_failures=360837, empty_requests=0, try_overtime=133127, check_overtime=133127, replicate_overtime=94583
Ops: 2010000  Time: 9.24s  Throughput: 217423.48 ops/sec
Dirty reads: 2847 / 1909646 (0.149%)
  Dirty read avg latency: 1.39ms
read_lats: vec100: [920, 1180, 1261, 1340, 1370, 1370, 1380, 1390, 1400, 1410, 1420, 1440, 1450, 1470, 1480, 1490, 1500, 1510, 1530, 1540, 1560, 1570, 1580, 1600, 1610, 1630, 1640, 1660, 1680, 1690, 1710, 1730, 1750, 1760, 1780, 1790, 1800, 1810, 1820, 1830, 1840, 1860, 1870, 1890, 1900, 1920, 1940, 1950, 1961, 1980, 1990, 2010, 2030, 2040, 2060, 2080, 2090, 2110, 2130, 2140, 2160, 2180, 2200, 2220, 2240, 2270, 2290, 2310, 2330, 2350, 2380, 2400, 2430, 2460, 2481, 2510, 2540, 2580, 2610, 2640, 2680, 2720, 2760, 2801, 2850, 2900, 2950, 3010, 3070, 3130, 3200, 3280, 3380, 3490, 3640, 3810, 4030, 4380, 4890, 5690, 2186544, 9878303]
write_lats: vec100: [3590, 4051, 4080, 4110, 4140, 4180, 4200, 4230, 4260, 4290, 4320, 4350, 4380, 4400, 4430, 4451, 4480, 4501, 4530, 4560, 4580, 4600, 4630, 4650, 4680, 4700, 4730, 4760, 4790, 4820, 4841, 4870, 4900, 4930, 4960, 4990, 5020, 5050, 5080, 5110, 5140, 5170, 5201, 5240, 5270, 5310, 5340, 5371, 5410, 5441, 5480, 5520, 5560, 5600, 5640, 5681, 5730, 5770, 5820, 5861, 5911, 5970, 6020, 6080, 6131, 6200, 6260, 6340, 6410, 6490, 6580, 6681, 6790, 6930, 7100, 7320, 7630, 8161, 8610, 8910, 9150, 9380, 9590, 9790, 10001, 10211, 10441, 10680, 10931, 11211, 11531, 11920, 12421, 13120, 13991, 14941, 15950, 17180, 19150, 22390, 38711, 70702]
                 avg          P99       P99.99         P100
Read         4.27μs      5.69μs       2.15ms       9.88ms
Write         6.98μs     22.62μs     48.72μs     70.70μs

=== bench_out6.dat ===
Monster: conflicts=50127, sync_failures=378201, empty_requests=0, try_overtime=142776, check_overtime=142776, replicate_overtime=92649
Ops: 2010000  Time: 9.19s  Throughput: 218811.92 ops/sec
Dirty reads: 2865 / 1909185 (0.150%)
  Dirty read avg latency: 1.35ms
read_lats: vec100: [910, 1190, 1270, 1340, 1370, 1370, 1380, 1390, 1400, 1410, 1420, 1440, 1450, 1470, 1480, 1490, 1500, 1510, 1520, 1540, 1550, 1560, 1580, 1590, 1610, 1620, 1640, 1651, 1670, 1690, 1710, 1720, 1740, 1760, 1770, 1790, 1800, 1810, 1820, 1830, 1840, 1850, 1870, 1880, 1900, 1920, 1930, 1950, 1960, 1980, 1990, 2001, 2020, 2040, 2050, 2070, 2090, 2100, 2120, 2140, 2160, 2180, 2200, 2220, 2240, 2260, 2280, 2300, 2320, 2340, 2370, 2390, 2420, 2441, 2470, 2500, 2530, 2560, 2600, 2630, 2670, 2710, 2750, 2790, 2830, 2880, 2940, 2990, 3050, 3120, 3181, 3260, 3360, 3470, 3610, 3781, 4010, 4360, 4870, 5660, 2179534, 5959487]
write_lats: vec100: [3650, 4071, 4110, 4131, 4170, 4200, 4230, 4260, 4290, 4320, 4350, 4380, 4410, 4430, 4460, 4480, 4501, 4530, 4560, 4580, 4610, 4630, 4660, 4690, 4710, 4740, 4770, 4791, 4830, 4860, 4890, 4920, 4950, 4980, 5010, 5040, 5080, 5110, 5140, 5180, 5210, 5250, 5281, 5320, 5360, 5390, 5430, 5470, 5510, 5550, 5591, 5640, 5680, 5720, 5771, 5830, 5880, 5930, 5990, 6050, 6110, 6170, 6240, 6320, 6400, 6481, 6580, 6690, 6810, 6960, 7140, 7390, 7751, 8290, 8660, 8900, 9120, 9330, 9540, 9720, 9910, 10100, 10300, 10510, 10720, 10950, 11190, 11480, 11790, 12211, 12741, 13431, 14190, 14910, 15700, 16601, 17840, 19551, 21930, 26011, 56141, 68712]
                 avg          P99       P99.99         P100
Read         4.22μs      5.67μs       2.15ms       5.96ms
Write         7.46μs     26.07μs     59.55μs     68.71μs

=== bench_out7.dat ===
Monster: conflicts=63886, sync_failures=398870, empty_requests=0, try_overtime=154252, check_overtime=154252, replicate_overtime=90366
Ops: 2010000  Time: 8.95s  Throughput: 224633.06 ops/sec
Dirty reads: 2606 / 1909186 (0.136%)
  Dirty read avg latency: 1.36ms
read_lats: vec100: [930, 1190, 1270, 1340, 1370, 1380, 1380, 1390, 1400, 1410, 1420, 1430, 1440, 1460, 1470, 1480, 1490, 1500, 1510, 1530, 1540, 1550, 1560, 1580, 1590, 1610, 1620, 1640, 1660, 1670, 1690, 1710, 1721, 1740, 1760, 1770, 1781, 1800, 1810, 1820, 1830, 1840, 1860, 1870, 1890, 1901, 1920, 1940, 1951, 1970, 1980, 2000, 2020, 2030, 2050, 2070, 2081, 2100, 2120, 2140, 2160, 2180, 2200, 2220, 2240, 2260, 2290, 2310, 2330, 2351, 2380, 2410, 2430, 2460, 2490, 2520, 2550, 2580, 2620, 2650, 2690, 2730, 2770, 2820, 2860, 2910, 2970, 3020, 3080, 3150, 3220, 3300, 3391, 3510, 3650, 3811, 4030, 4370, 4880, 5710, 2178034, 6701555]
write_lats: vec100: [3750, 4080, 4110, 4130, 4160, 4190, 4220, 4250, 4281, 4320, 4350, 4371, 4401, 4430, 4460, 4480, 4510, 4540, 4570, 4590, 4620, 4650, 4680, 4710, 4731, 4761, 4800, 4830, 4860, 4900, 4930, 4960, 4991, 5030, 5070, 5100, 5140, 5170, 5210, 5240, 5280, 5310, 5350, 5390, 5430, 5480, 5520, 5570, 5610, 5660, 5710, 5760, 5810, 5870, 5930, 5981, 6050, 6120, 6200, 6270, 6360, 6450, 6560, 6680, 6830, 7010, 7260, 7610, 8170, 8560, 8820, 9030, 9220, 9400, 9570, 9731, 9901, 10080, 10250, 10421, 10620, 10830, 11041, 11280, 11541, 11850, 12220, 12710, 13260, 13860, 14461, 15071, 15721, 16461, 17391, 18621, 20120, 22031, 24891, 29760, 64662, 7679729]
                 avg          P99       P99.99         P100
Read         4.05μs      5.71μs       2.15ms       6.70ms
Write         8.09μs     29.90μs     70.19μs       7.68ms

=== bench_out8.dat ===
Monster: conflicts=80436, sync_failures=420411, empty_requests=0, try_overtime=166949, check_overtime=166949, replicate_overtime=86513
Ops: 2010000  Time: 8.93s  Throughput: 224967.58 ops/sec
Dirty reads: 2571 / 1909459 (0.135%)
  Dirty read avg latency: 1.36ms
read_lats: vec100: [920, 1200, 1280, 1350, 1370, 1370, 1380, 1381, 1390, 1400, 1410, 1420, 1440, 1450, 1460, 1470, 1480, 1490, 1510, 1520, 1530, 1540, 1560, 1570, 1580, 1600, 1620, 1630, 1650, 1660, 1680, 1700, 1720, 1730, 1750, 1770, 1780, 1790, 1810, 1820, 1830, 1840, 1850, 1870, 1880, 1900, 1920, 1930, 1950, 1961, 1980, 1990, 2010, 2021, 2040, 2060, 2080, 2090, 2110, 2130, 2150, 2170, 2190, 2210, 2230, 2250, 2270, 2290, 2311, 2340, 2360, 2390, 2410, 2440, 2470, 2500, 2530, 2560, 2590, 2630, 2670, 2710, 2750, 2790, 2840, 2890, 2940, 3000, 3060, 3120, 3190, 3270, 3361, 3480, 3620, 3790, 4010, 4350, 4850, 5670, 2181133, 8161011]
write_lats: vec100: [3711, 4070, 4100, 4130, 4150, 4180, 4211, 4240, 4270, 4301, 4340, 4370, 4391, 4420, 4450, 4470, 4500, 4530, 4560, 4580, 4610, 4640, 4670, 4700, 4730, 4761, 4800, 4830, 4870, 4900, 4940, 4970, 5010, 5050, 5090, 5120, 5160, 5200, 5240, 5280, 5320, 5360, 5410, 5450, 5500, 5550, 5600, 5650, 5710, 5770, 5830, 5900, 5961, 6040, 6120, 6200, 6300, 6400, 6520, 6670, 6840, 7050, 7381, 7960, 8430, 8690, 8891, 9081, 9251, 9420, 9580, 9731, 9890, 10040, 10201, 10370, 10540, 10720, 10920, 11130, 11370, 11631, 11961, 12350, 12850, 13410, 13960, 14470, 14981, 15510, 16070, 16731, 17571, 18600, 19801, 21090, 22771, 25091, 28211, 33601, 61801, 110343]
                 avg          P99       P99.99         P100
Read         4.01μs      5.67μs       2.14ms       8.16ms
Write         8.64μs     33.98μs     75.58μs    110.34μs

Average throughput across all outputs: 220000.00
Average read latency across all outputs: 4.22 us
Average write latency across all outputs: 6.77 us
