Date: 20260521_1724
YCSB workload: workloadb_64_single

============= RepCXL configuration =============
processes = "0-8"
logger_cluster_size = 3
algorithm = "fmonster"
pipeline = false
round_time = 1500 
read_retries = 1
core_affinity = "20-120" 
============= Benchmark Results =============

=== bench_out0.dat ===
Monster: conflicts=1392, sync_failures=89169, empty_requests=0, try_overtime=5869, check_overtime=1483, replicate_overtime=81817
Ops: 2010000  Time: 7.45s  Throughput: 269685.18 ops/sec
Dirty reads: 1724 / 1909146 (0.090%)
  Dirty read avg latency: 1.23ms
read_lats: vec100: [940, 1230, 1300, 1360, 1380, 1390, 1400, 1410, 1430, 1440, 1460, 1470, 1490, 1500, 1510, 1530, 1540, 1550, 1570, 1580, 1590, 1600, 1620, 1630, 1650, 1660, 1680, 1690, 1710, 1730, 1740, 1760, 1770, 1780, 1791, 1801, 1811, 1830, 1840, 1850, 1860, 1870, 1890, 1900, 1910, 1930, 1940, 1960, 1970, 1990, 2000, 2011, 2030, 2040, 2060, 2070, 2090, 2100, 2120, 2131, 2150, 2170, 2190, 2210, 2230, 2250, 2270, 2290, 2310, 2340, 2360, 2380, 2410, 2430, 2460, 2490, 2511, 2541, 2580, 2610, 2640, 2680, 2720, 2751, 2800, 2840, 2890, 2940, 2990, 3050, 3120, 3190, 3280, 3380, 3520, 3710, 3930, 4260, 4700, 5320, 2031170, 10225052]
write_lats: vec100: [4911, 5341, 5460, 5550, 5620, 5680, 5740, 5791, 5840, 5881, 5930, 5970, 6010, 6041, 6080, 6111, 6150, 6180, 6210, 6250, 6280, 6301, 6330, 6360, 6390, 6420, 6441, 6470, 6500, 6520, 6550, 6570, 6600, 6620, 6641, 6670, 6691, 6720, 6740, 6770, 6790, 6811, 6840, 6861, 6890, 6910, 6940, 6961, 6990, 7011, 7040, 7070, 7091, 7120, 7150, 7171, 7200, 7230, 7251, 7280, 7310, 7340, 7370, 7400, 7430, 7460, 7490, 7520, 7560, 7590, 7620, 7650, 7690, 7720, 7760, 7791, 7830, 7870, 7910, 7960, 8000, 8050, 8100, 8150, 8200, 8251, 8310, 8371, 8440, 8510, 8580, 8660, 8760, 8860, 8980, 9120, 9290, 9540, 9960, 11591, 18501, 30391]
                 avg          P99       P99.99         P100
Read         3.31μs      5.32μs       1.84ms      10.23ms
Write         7.23μs     12.52μs     19.96μs     30.39μs

=== bench_out1.dat ===
Monster: conflicts=10325, sync_failures=84957, empty_requests=0, try_overtime=5401, check_overtime=1668, replicate_overtime=77888
Ops: 2010000  Time: 7.48s  Throughput: 268555.59 ops/sec
Dirty reads: 1703 / 1909598 (0.089%)
  Dirty read avg latency: 1.26ms
read_lats: vec100: [930, 1230, 1300, 1360, 1380, 1390, 1400, 1420, 1430, 1450, 1460, 1480, 1490, 1500, 1520, 1530, 1550, 1560, 1570, 1580, 1590, 1610, 1620, 1630, 1650, 1660, 1680, 1700, 1710, 1730, 1740, 1760, 1770, 1780, 1790, 1800, 1810, 1821, 1840, 1850, 1860, 1870, 1880, 1900, 1910, 1930, 1940, 1960, 1970, 1980, 2000, 2010, 2030, 2040, 2060, 2070, 2090, 2100, 2120, 2140, 2150, 2170, 2190, 2210, 2230, 2250, 2270, 2291, 2320, 2340, 2360, 2390, 2410, 2440, 2460, 2490, 2520, 2550, 2580, 2610, 2650, 2681, 2720, 2760, 2800, 2841, 2890, 2940, 3000, 3060, 3120, 3190, 3280, 3380, 3520, 3700, 3920, 4250, 4680, 5310, 1935278, 10187371]
write_lats: vec100: [4900, 5351, 5480, 5570, 5650, 5710, 5780, 5830, 5880, 5920, 5970, 6010, 6050, 6090, 6121, 6160, 6200, 6230, 6261, 6300, 6330, 6360, 6390, 6420, 6450, 6480, 6510, 6530, 6560, 6590, 6610, 6640, 6670, 6691, 6720, 6750, 6770, 6800, 6830, 6850, 6880, 6910, 6931, 6960, 6990, 7020, 7041, 7070, 7100, 7130, 7160, 7190, 7211, 7241, 7271, 7301, 7331, 7361, 7400, 7430, 7460, 7490, 7520, 7551, 7590, 7620, 7660, 7691, 7730, 7761, 7800, 7840, 7880, 7920, 7960, 8000, 8050, 8100, 8141, 8191, 8250, 8310, 8370, 8430, 8500, 8570, 8650, 8731, 8830, 8940, 9050, 9190, 9360, 9580, 9930, 10621, 13861, 14771, 15640, 16831, 44411, 69542]
                 avg          P99       P99.99         P100
Read         3.31μs      5.32μs       1.85ms      10.19ms
Write         7.62μs     16.83μs     32.81μs     69.54μs

=== bench_out2.dat ===
Monster: conflicts=20302, sync_failures=82251, empty_requests=0, try_overtime=6581, check_overtime=1806, replicate_overtime=73864
Ops: 2010000  Time: 7.54s  Throughput: 266709.55 ops/sec
Dirty reads: 1695 / 1909178 (0.089%)
  Dirty read avg latency: 1.27ms
read_lats: vec100: [930, 1230, 1300, 1360, 1380, 1390, 1400, 1410, 1430, 1440, 1460, 1470, 1480, 1500, 1510, 1521, 1540, 1550, 1560, 1570, 1590, 1600, 1610, 1630, 1640, 1660, 1670, 1690, 1710, 1720, 1740, 1750, 1770, 1780, 1790, 1800, 1810, 1820, 1830, 1840, 1860, 1870, 1880, 1890, 1910, 1920, 1940, 1950, 1961, 1980, 1990, 2010, 2020, 2040, 2050, 2070, 2080, 2100, 2110, 2130, 2140, 2160, 2180, 2200, 2220, 2240, 2260, 2280, 2300, 2320, 2350, 2370, 2391, 2420, 2450, 2470, 2500, 2530, 2560, 2600, 2630, 2661, 2700, 2740, 2780, 2820, 2870, 2920, 2970, 3030, 3100, 3170, 3250, 3360, 3491, 3680, 3900, 4230, 4660, 5280, 1975359, 10185601]
write_lats: vec100: [4910, 5370, 5490, 5580, 5661, 5730, 5791, 5850, 5900, 5951, 6000, 6040, 6090, 6130, 6170, 6210, 6250, 6280, 6320, 6350, 6390, 6420, 6450, 6480, 6510, 6540, 6570, 6600, 6630, 6660, 6690, 6720, 6750, 6780, 6810, 6840, 6870, 6900, 6921, 6951, 6980, 7011, 7041, 7071, 7101, 7131, 7170, 7200, 7230, 7260, 7290, 7320, 7360, 7390, 7420, 7451, 7490, 7520, 7560, 7590, 7621, 7660, 7691, 7730, 7770, 7810, 7850, 7890, 7930, 7980, 8020, 8070, 8120, 8170, 8220, 8280, 8330, 8390, 8450, 8511, 8590, 8660, 8740, 8821, 8920, 9030, 9140, 9280, 9441, 9660, 9950, 10420, 12990, 13951, 14530, 15060, 15581, 16160, 17001, 19330, 38511, 114633]
                 avg          P99       P99.99         P100
Read         3.31μs      5.28μs       1.87ms      10.19ms
Write         8.05μs     19.68μs     42.28μs    114.63μs

=== bench_out3.dat ===
Monster: conflicts=31616, sync_failures=80201, empty_requests=0, try_overtime=8769, check_overtime=2281, replicate_overtime=69151
Ops: 2010000  Time: 7.44s  Throughput: 270299.48 ops/sec
Dirty reads: 1608 / 1909198 (0.084%)
  Dirty read avg latency: 1.25ms
read_lats: vec100: [950, 1230, 1300, 1360, 1380, 1390, 1400, 1410, 1430, 1440, 1460, 1470, 1490, 1500, 1510, 1530, 1540, 1550, 1561, 1580, 1590, 1600, 1620, 1630, 1640, 1660, 1670, 1690, 1710, 1720, 1740, 1750, 1770, 1780, 1790, 1800, 1810, 1820, 1830, 1840, 1850, 1870, 1880, 1890, 1901, 1920, 1930, 1950, 1960, 1980, 1990, 2010, 2020, 2040, 2050, 2061, 2080, 2091, 2110, 2130, 2140, 2160, 2180, 2200, 2220, 2240, 2260, 2280, 2300, 2320, 2350, 2370, 2390, 2420, 2450, 2470, 2500, 2530, 2560, 2590, 2630, 2660, 2700, 2740, 2780, 2820, 2870, 2920, 2970, 3030, 3090, 3161, 3250, 3350, 3480, 3660, 3880, 4220, 4650, 5280, 1947398, 10187501]
write_lats: vec100: [4940, 5370, 5500, 5600, 5680, 5751, 5820, 5880, 5931, 5990, 6031, 6080, 6130, 6170, 6210, 6250, 6290, 6330, 6370, 6401, 6440, 6480, 6510, 6541, 6571, 6610, 6640, 6671, 6701, 6740, 6770, 6800, 6831, 6861, 6900, 6930, 6961, 7000, 7030, 7060, 7090, 7130, 7160, 7190, 7230, 7260, 7291, 7330, 7361, 7400, 7440, 7480, 7511, 7550, 7590, 7630, 7661, 7700, 7740, 7780, 7820, 7860, 7901, 7950, 7991, 8040, 8090, 8141, 8200, 8250, 8300, 8360, 8420, 8490, 8550, 8630, 8701, 8780, 8870, 8960, 9070, 9190, 9310, 9470, 9670, 9910, 10260, 11040, 13361, 13940, 14370, 14761, 15130, 15510, 15911, 16371, 16971, 17811, 21070, 23981, 57392, 2242195]
                 avg          P99       P99.99         P100
Read         3.24μs      5.28μs       1.86ms      10.19ms
Write         8.62μs     23.98μs     46.65μs       2.24ms

=== bench_out4.dat ===
Monster: conflicts=39166, sync_failures=75139, empty_requests=0, try_overtime=6967, check_overtime=2972, replicate_overtime=65200
Ops: 2010000  Time: 7.82s  Throughput: 256910.86 ops/sec
Dirty reads: 1819 / 1909765 (0.095%)
  Dirty read avg latency: 1.21ms
read_lats: vec100: [880, 1210, 1290, 1360, 1370, 1390, 1400, 1420, 1431, 1451, 1470, 1490, 1500, 1520, 1540, 1550, 1570, 1580, 1600, 1611, 1630, 1650, 1670, 1690, 1701, 1720, 1740, 1750, 1770, 1780, 1790, 1800, 1820, 1830, 1840, 1850, 1860, 1880, 1890, 1900, 1920, 1930, 1950, 1960, 1980, 1990, 2010, 2020, 2030, 2050, 2060, 2080, 2090, 2110, 2120, 2140, 2160, 2170, 2190, 2210, 2230, 2250, 2270, 2290, 2300, 2320, 2340, 2370, 2390, 2410, 2430, 2460, 2481, 2510, 2540, 2570, 2591, 2630, 2660, 2690, 2730, 2760, 2800, 2840, 2890, 2930, 2980, 3040, 3090, 3160, 3220, 3300, 3400, 3510, 3650, 3820, 4050, 4390, 4850, 5541, 1961348, 10187032]
write_lats: vec100: [4691, 5280, 5410, 5500, 5580, 5650, 5720, 5790, 5840, 5900, 5950, 6000, 6041, 6090, 6130, 6180, 6220, 6260, 6300, 6340, 6371, 6410, 6450, 6480, 6520, 6550, 6580, 6620, 6650, 6690, 6720, 6760, 6790, 6830, 6860, 6900, 6930, 6970, 7001, 7040, 7080, 7111, 7151, 7191, 7230, 7270, 7310, 7350, 7390, 7430, 7471, 7520, 7560, 7600, 7641, 7690, 7730, 7780, 7821, 7870, 7920, 7971, 8030, 8080, 8140, 8190, 8250, 8320, 8380, 8450, 8520, 8591, 8671, 8761, 8860, 8960, 9071, 9200, 9330, 9510, 9711, 10010, 10461, 12530, 13530, 13960, 14290, 14590, 14891, 15200, 15501, 15830, 16200, 16600, 17090, 17781, 19451, 22500, 24170, 27891, 51591, 7665169]
                 avg          P99       P99.99         P100
Read         3.41μs      5.55μs       1.82ms      10.19ms
Write         9.20μs     28.42μs     57.55μs       7.67ms

=== bench_out5.dat ===
Monster: conflicts=53662, sync_failures=71731, empty_requests=0, try_overtime=7907, check_overtime=2784, replicate_overtime=61040
Ops: 2010000  Time: 7.89s  Throughput: 254651.45 ops/sec
Dirty reads: 1805 / 1909646 (0.095%)
  Dirty read avg latency: 1.23ms
read_lats: vec100: [860, 1200, 1290, 1360, 1370, 1390, 1400, 1410, 1430, 1450, 1460, 1480, 1500, 1510, 1530, 1540, 1560, 1570, 1590, 1600, 1620, 1631, 1650, 1670, 1690, 1710, 1720, 1740, 1750, 1770, 1780, 1790, 1801, 1820, 1830, 1840, 1850, 1870, 1880, 1890, 1910, 1920, 1940, 1950, 1970, 1980, 1991, 2010, 2020, 2040, 2050, 2070, 2080, 2100, 2111, 2130, 2150, 2170, 2180, 2200, 2220, 2240, 2260, 2280, 2300, 2320, 2340, 2360, 2380, 2401, 2430, 2450, 2480, 2510, 2530, 2560, 2590, 2620, 2660, 2690, 2730, 2760, 2800, 2840, 2890, 2931, 2980, 3040, 3091, 3160, 3220, 3300, 3400, 3510, 3650, 3820, 4040, 4370, 4830, 5540, 2038541, 10189351]
write_lats: vec100: [4690, 5280, 5410, 5510, 5590, 5670, 5740, 5801, 5861, 5920, 5971, 6030, 6080, 6130, 6180, 6220, 6270, 6310, 6351, 6390, 6431, 6470, 6510, 6550, 6590, 6630, 6670, 6710, 6750, 6790, 6830, 6870, 6910, 6950, 6990, 7030, 7070, 7110, 7150, 7190, 7230, 7270, 7310, 7360, 7400, 7450, 7490, 7531, 7580, 7630, 7670, 7720, 7760, 7810, 7860, 7910, 7960, 8010, 8070, 8121, 8180, 8240, 8310, 8370, 8440, 8510, 8590, 8670, 8751, 8850, 8950, 9060, 9180, 9310, 9470, 9670, 9930, 10341, 11460, 13341, 13771, 14120, 14390, 14660, 14900, 15140, 15391, 15650, 15930, 16230, 16571, 16950, 17470, 18231, 20851, 22421, 23531, 24680, 27650, 32681, 56361, 100042]
                 avg          P99       P99.99         P100
Read         3.41μs      5.54μs       1.82ms      10.19ms
Write         9.87μs     33.00μs     68.49μs    100.04μs

=== bench_out6.dat ===
Monster: conflicts=71331, sync_failures=69819, empty_requests=0, try_overtime=9840, check_overtime=4320, replicate_overtime=55659
Ops: 2010000  Time: 7.83s  Throughput: 256575.27 ops/sec
Dirty reads: 1745 / 1909185 (0.091%)
  Dirty read avg latency: 1.19ms
read_lats: vec100: [880, 1220, 1300, 1360, 1370, 1390, 1400, 1411, 1430, 1450, 1470, 1480, 1500, 1510, 1530, 1550, 1560, 1570, 1590, 1610, 1620, 1640, 1660, 1680, 1690, 1710, 1730, 1740, 1760, 1770, 1790, 1800, 1810, 1820, 1830, 1840, 1860, 1870, 1880, 1891, 1910, 1920, 1940, 1950, 1970, 1980, 2000, 2010, 2030, 2040, 2050, 2070, 2080, 2100, 2110, 2130, 2150, 2160, 2180, 2200, 2220, 2240, 2260, 2280, 2291, 2310, 2331, 2360, 2380, 2400, 2421, 2450, 2480, 2500, 2530, 2560, 2590, 2620, 2650, 2680, 2720, 2751, 2790, 2840, 2880, 2921, 2971, 3030, 3080, 3150, 3210, 3290, 3390, 3500, 3640, 3810, 4040, 4370, 4830, 5530, 1902057, 10187151]
write_lats: vec100: [4730, 5320, 5460, 5570, 5660, 5741, 5820, 5881, 5950, 6010, 6070, 6120, 6171, 6230, 6280, 6330, 6380, 6420, 6470, 6510, 6560, 6600, 6641, 6690, 6730, 6770, 6810, 6860, 6900, 6941, 6990, 7040, 7080, 7121, 7170, 7220, 7261, 7310, 7360, 7410, 7460, 7501, 7551, 7600, 7650, 7700, 7750, 7800, 7850, 7900, 7960, 8010, 8070, 8130, 8190, 8250, 8311, 8380, 8441, 8520, 8600, 8680, 8761, 8851, 8951, 9060, 9170, 9291, 9430, 9610, 9821, 10080, 10521, 11970, 13340, 13741, 14050, 14301, 14561, 14801, 15030, 15250, 15480, 15721, 15971, 16230, 16520, 16830, 17190, 17651, 18310, 19890, 21850, 22790, 23631, 24560, 25811, 28981, 32151, 38441, 73552, 115723]
                 avg          P99       P99.99         P100
Read         3.34μs      5.54μs       1.79ms      10.19ms
Write        10.78μs     38.55μs     79.10μs    115.72μs

=== bench_out7.dat ===
Monster: conflicts=90757, sync_failures=65801, empty_requests=0, try_overtime=11138, check_overtime=4377, replicate_overtime=50286
Ops: 2010000  Time: 7.93s  Throughput: 253348.53 ops/sec
Dirty reads: 1711 / 1909186 (0.090%)
  Dirty read avg latency: 1.20ms
read_lats: vec100: [860, 1210, 1290, 1360, 1370, 1380, 1400, 1410, 1420, 1430, 1450, 1470, 1480, 1500, 1510, 1530, 1540, 1560, 1570, 1590, 1600, 1620, 1630, 1650, 1670, 1690, 1700, 1720, 1740, 1750, 1770, 1780, 1790, 1800, 1820, 1830, 1840, 1850, 1870, 1880, 1890, 1910, 1920, 1940, 1950, 1970, 1980, 2000, 2010, 2030, 2040, 2060, 2070, 2090, 2110, 2120, 2140, 2160, 2180, 2191, 2210, 2230, 2250, 2270, 2290, 2310, 2340, 2360, 2380, 2400, 2430, 2450, 2480, 2510, 2531, 2560, 2591, 2630, 2660, 2700, 2730, 2770, 2810, 2850, 2900, 2940, 2991, 3050, 3110, 3170, 3240, 3320, 3411, 3530, 3670, 3830, 4050, 4371, 4830, 5550, 1873946, 10183641]
write_lats: vec100: [4701, 5320, 5470, 5580, 5671, 5760, 5840, 5910, 5971, 6040, 6100, 6160, 6220, 6280, 6331, 6390, 6441, 6500, 6550, 6600, 6650, 6700, 6750, 6800, 6850, 6900, 6950, 7000, 7050, 7100, 7150, 7200, 7250, 7301, 7360, 7410, 7470, 7520, 7570, 7630, 7680, 7730, 7780, 7840, 7900, 7960, 8020, 8080, 8150, 8210, 8280, 8350, 8420, 8491, 8571, 8660, 8741, 8840, 8940, 9040, 9150, 9270, 9401, 9560, 9740, 10000, 10340, 10930, 12920, 13450, 13800, 14090, 14361, 14601, 14830, 15041, 15241, 15451, 15661, 15901, 16111, 16351, 16610, 16900, 17240, 17641, 18171, 19000, 21010, 22080, 22850, 23510, 24220, 24991, 26060, 28601, 30991, 33091, 37411, 43471, 88122, 149843]
                 avg          P99       P99.99         P100
Read         3.32μs      5.56μs       1.80ms      10.18ms
Write        11.88μs     43.64μs     89.81μs    149.84μs

=== bench_out8.dat ===
Monster: conflicts=112601, sync_failures=58298, empty_requests=0, try_overtime=12599, check_overtime=5711, replicate_overtime=39988
Ops: 2010000  Time: 8.08s  Throughput: 248779.61 ops/sec
Dirty reads: 1771 / 1909459 (0.093%)
  Dirty read avg latency: 1.19ms
read_lats: vec100: [860, 1220, 1310, 1360, 1370, 1380, 1380, 1390, 1400, 1400, 1420, 1430, 1450, 1470, 1480, 1490, 1510, 1530, 1540, 1550, 1570, 1580, 1600, 1610, 1630, 1650, 1660, 1680, 1700, 1720, 1740, 1750, 1770, 1780, 1790, 1810, 1820, 1830, 1840, 1860, 1870, 1890, 1900, 1910, 1930, 1950, 1960, 1980, 1990, 2010, 2020, 2040, 2050, 2070, 2090, 2100, 2120, 2140, 2151, 2170, 2190, 2210, 2230, 2250, 2270, 2291, 2320, 2340, 2360, 2380, 2410, 2430, 2460, 2490, 2511, 2540, 2570, 2610, 2640, 2670, 2710, 2750, 2790, 2830, 2880, 2920, 2971, 3030, 3090, 3150, 3220, 3300, 3390, 3510, 3650, 3820, 4040, 4360, 4830, 5560, 1937698, 10184871]
write_lats: vec100: [4711, 5200, 5351, 5480, 5580, 5670, 5751, 5830, 5900, 5960, 6020, 6080, 6140, 6200, 6260, 6320, 6371, 6431, 6500, 6560, 6620, 6690, 6750, 6810, 6880, 6940, 7000, 7060, 7120, 7180, 7241, 7310, 7370, 7440, 7500, 7560, 7630, 7681, 7741, 7810, 7871, 7941, 8010, 8081, 8160, 8230, 8310, 8381, 8470, 8550, 8641, 8740, 8840, 8950, 9060, 9180, 9320, 9471, 9650, 9870, 10170, 10650, 12530, 13261, 13630, 13950, 14221, 14450, 14670, 14881, 15100, 15301, 15481, 15671, 15900, 16111, 16341, 16580, 16821, 17100, 17421, 17830, 18400, 19451, 21070, 21970, 22631, 23221, 23770, 24360, 24991, 25801, 27051, 29450, 31031, 32521, 34370, 38171, 41911, 49551, 88302, 7765101]
                 avg          P99       P99.99         P100
Read         3.33μs      5.56μs       1.80ms      10.18ms
Write        13.21μs     49.92μs    106.13μs       7.77ms

Average throughput across all outputs: 260613.33
Average read latency across all outputs: 3.33 us
Average write latency across all outputs: 9.61 us
