Date: 20260521_1725
YCSB workload: workloadb_64_single

============= RepCXL configuration =============
processes = "0-8"
logger_cluster_size = 3
algorithm = "fmonster"
pipeline = false
round_time = 1500 
read_retries = 10
core_affinity = "20-120" 
============= Benchmark Results =============

=== bench_out0.dat ===
Monster: conflicts=1729, sync_failures=103922, empty_requests=0, try_overtime=9506, check_overtime=2447, replicate_overtime=91969
Ops: 2010000  Time: 6.05s  Throughput: 332232.07 ops/sec
Dirty reads: 35 / 1909146 (0.002%)
  Dirty read avg latency: 2.11ms
read_lats: vec100: [930, 1320, 1400, 1450, 1490, 1530, 1560, 1580, 1610, 1630, 1660, 1680, 1710, 1730, 1750, 1770, 1790, 1800, 1810, 1830, 1840, 1860, 1870, 1890, 1900, 1920, 1930, 1950, 1960, 1980, 1990, 2010, 2020, 2030, 2050, 2060, 2070, 2081, 2100, 2110, 2130, 2140, 2160, 2171, 2190, 2210, 2220, 2240, 2260, 2280, 2290, 2310, 2330, 2350, 2370, 2380, 2400, 2420, 2440, 2460, 2480, 2500, 2520, 2540, 2561, 2590, 2610, 2630, 2660, 2680, 2700, 2730, 2750, 2780, 2810, 2830, 2860, 2890, 2920, 2951, 2990, 3020, 3060, 3100, 3140, 3180, 3221, 3280, 3330, 3400, 3480, 3570, 3680, 3811, 3990, 4240, 4550, 4910, 5330, 5900, 15401, 10167421]
write_lats: vec100: [4970, 5580, 5740, 5860, 5960, 6040, 6110, 6180, 6240, 6290, 6340, 6390, 6431, 6480, 6511, 6550, 6590, 6630, 6660, 6700, 6730, 6760, 6791, 6830, 6860, 6890, 6920, 6950, 6980, 7010, 7040, 7070, 7100, 7121, 7151, 7180, 7210, 7240, 7261, 7290, 7320, 7341, 7370, 7400, 7421, 7450, 7480, 7510, 7530, 7560, 7580, 7610, 7640, 7670, 7691, 7720, 7750, 7780, 7801, 7840, 7861, 7891, 7921, 7960, 7990, 8020, 8050, 8081, 8120, 8150, 8190, 8220, 8260, 8290, 8330, 8370, 8410, 8450, 8490, 8531, 8580, 8620, 8670, 8720, 8770, 8830, 8881, 8941, 9010, 9080, 9160, 9240, 9330, 9431, 9570, 9730, 9950, 10230, 10670, 14490, 19400, 163124]
                 avg          P99       P99.99         P100
Read         2.54μs      5.90μs     10.10μs      10.17ms
Write         7.76μs     14.78μs     20.92μs    163.12μs

=== bench_out1.dat ===
Monster: conflicts=13221, sync_failures=96528, empty_requests=0, try_overtime=7828, check_overtime=2495, replicate_overtime=86205
Ops: 2010000  Time: 6.09s  Throughput: 329926.23 ops/sec
Dirty reads: 38 / 1909598 (0.002%)
  Dirty read avg latency: 2.08ms
read_lats: vec100: [940, 1310, 1400, 1450, 1491, 1530, 1560, 1590, 1610, 1640, 1660, 1690, 1710, 1730, 1750, 1770, 1790, 1800, 1810, 1830, 1840, 1860, 1870, 1890, 1900, 1920, 1930, 1950, 1960, 1980, 1990, 2010, 2020, 2030, 2050, 2060, 2070, 2090, 2100, 2120, 2130, 2150, 2160, 2180, 2190, 2210, 2230, 2240, 2260, 2280, 2300, 2311, 2330, 2350, 2370, 2390, 2410, 2430, 2450, 2470, 2490, 2510, 2530, 2550, 2570, 2590, 2620, 2640, 2660, 2690, 2710, 2730, 2760, 2790, 2810, 2840, 2870, 2900, 2930, 2960, 2990, 3030, 3060, 3100, 3140, 3180, 3230, 3280, 3330, 3400, 3470, 3560, 3670, 3800, 3960, 4210, 4520, 4890, 5310, 5890, 11280, 10112430]
write_lats: vec100: [4900, 5580, 5740, 5880, 5980, 6070, 6150, 6220, 6280, 6331, 6390, 6440, 6490, 6530, 6570, 6610, 6650, 6690, 6721, 6760, 6791, 6830, 6860, 6900, 6930, 6960, 6990, 7020, 7050, 7080, 7111, 7141, 7171, 7201, 7230, 7260, 7290, 7320, 7350, 7380, 7410, 7440, 7470, 7500, 7530, 7551, 7580, 7610, 7640, 7670, 7700, 7730, 7751, 7781, 7810, 7840, 7870, 7900, 7930, 7961, 8000, 8030, 8060, 8100, 8130, 8160, 8200, 8240, 8270, 8310, 8350, 8390, 8430, 8470, 8520, 8560, 8610, 8660, 8710, 8760, 8820, 8880, 8940, 9010, 9081, 9161, 9250, 9350, 9460, 9590, 9750, 9950, 10221, 10670, 13431, 14571, 15310, 15991, 16750, 18181, 50671, 63352]
                 avg          P99       P99.99         P100
Read         2.55μs      5.89μs     10.15μs      10.11ms
Write         8.24μs     18.18μs     37.10μs     63.35μs

=== bench_out2.dat ===
Monster: conflicts=26280, sync_failures=93763, empty_requests=0, try_overtime=10149, check_overtime=3090, replicate_overtime=80524
Ops: 2010000  Time: 6.13s  Throughput: 327754.23 ops/sec
Dirty reads: 36 / 1909178 (0.002%)
  Dirty read avg latency: 2.08ms
read_lats: vec100: [950, 1320, 1400, 1450, 1500, 1530, 1560, 1590, 1610, 1640, 1660, 1690, 1710, 1730, 1750, 1770, 1790, 1800, 1810, 1830, 1840, 1850, 1870, 1880, 1900, 1910, 1930, 1940, 1960, 1970, 1990, 2000, 2020, 2030, 2040, 2050, 2070, 2080, 2090, 2110, 2120, 2140, 2150, 2170, 2180, 2200, 2220, 2230, 2250, 2270, 2281, 2300, 2320, 2340, 2360, 2370, 2390, 2410, 2430, 2450, 2470, 2490, 2510, 2530, 2550, 2570, 2600, 2620, 2640, 2670, 2690, 2710, 2740, 2770, 2790, 2820, 2850, 2880, 2910, 2940, 2970, 3000, 3040, 3080, 3120, 3160, 3200, 3250, 3310, 3370, 3450, 3540, 3650, 3780, 3950, 4190, 4510, 4870, 5290, 5860, 12960, 10108029]
write_lats: vec100: [4930, 5600, 5780, 5920, 6021, 6120, 6200, 6280, 6341, 6400, 6460, 6510, 6551, 6600, 6650, 6690, 6730, 6771, 6820, 6860, 6900, 6930, 6970, 7010, 7040, 7080, 7111, 7150, 7180, 7210, 7241, 7280, 7310, 7340, 7370, 7410, 7440, 7470, 7500, 7530, 7560, 7591, 7630, 7660, 7690, 7720, 7750, 7781, 7820, 7850, 7880, 7911, 7950, 7980, 8020, 8050, 8090, 8120, 8160, 8200, 8231, 8270, 8311, 8351, 8391, 8431, 8480, 8520, 8570, 8610, 8661, 8711, 8770, 8830, 8881, 8940, 9010, 9070, 9140, 9220, 9300, 9391, 9500, 9611, 9750, 9911, 10111, 10391, 10830, 13161, 14221, 14750, 15161, 15580, 15970, 16410, 16890, 17540, 18740, 23640, 39251, 428870]
                 avg          P99       P99.99         P100
Read         2.54μs      5.86μs     10.18μs      10.11ms
Write         8.86μs     23.69μs     42.36μs    428.87μs

=== bench_out3.dat ===
Monster: conflicts=41071, sync_failures=88434, empty_requests=0, try_overtime=10157, check_overtime=3763, replicate_overtime=74514
Ops: 2010000  Time: 6.19s  Throughput: 324826.69 ops/sec
Dirty reads: 34 / 1909198 (0.002%)
  Dirty read avg latency: 2.10ms
read_lats: vec100: [930, 1310, 1390, 1440, 1480, 1520, 1550, 1570, 1600, 1620, 1650, 1670, 1700, 1720, 1740, 1760, 1780, 1790, 1810, 1820, 1830, 1850, 1860, 1880, 1890, 1910, 1920, 1940, 1950, 1970, 1980, 2000, 2010, 2020, 2040, 2050, 2060, 2070, 2090, 2100, 2120, 2130, 2150, 2160, 2180, 2191, 2210, 2230, 2250, 2260, 2280, 2300, 2320, 2330, 2350, 2370, 2390, 2410, 2430, 2441, 2461, 2490, 2510, 2530, 2550, 2570, 2590, 2620, 2640, 2660, 2690, 2710, 2740, 2760, 2790, 2811, 2840, 2870, 2900, 2930, 2970, 3000, 3031, 3070, 3110, 3150, 3200, 3250, 3300, 3370, 3440, 3530, 3630, 3760, 3930, 4170, 4480, 4850, 5280, 5840, 11120, 10102279]
write_lats: vec100: [4960, 5600, 5780, 5920, 6040, 6140, 6230, 6300, 6370, 6440, 6500, 6550, 6610, 6660, 6710, 6751, 6801, 6850, 6890, 6930, 6980, 7020, 7060, 7100, 7131, 7170, 7210, 7240, 7280, 7310, 7350, 7381, 7420, 7460, 7490, 7520, 7560, 7590, 7621, 7660, 7690, 7721, 7760, 7791, 7830, 7861, 7900, 7940, 7970, 8010, 8041, 8080, 8120, 8160, 8200, 8240, 8280, 8320, 8360, 8400, 8450, 8490, 8540, 8580, 8630, 8680, 8731, 8790, 8850, 8911, 8980, 9050, 9120, 9190, 9280, 9370, 9470, 9590, 9720, 9891, 10080, 10340, 10760, 12210, 13941, 14421, 14790, 15101, 15380, 15680, 15961, 16250, 16580, 16921, 17350, 17940, 18971, 22371, 24100, 26370, 61152, 988104]
                 avg          P99       P99.99         P100
Read         2.52μs      5.85μs     10.08μs      10.10ms
Write         9.57μs     26.37μs     51.57μs    988.10μs

=== bench_out4.dat ===
Monster: conflicts=54568, sync_failures=87696, empty_requests=0, try_overtime=13875, check_overtime=4367, replicate_overtime=69454
Ops: 2010000  Time: 6.49s  Throughput: 309742.68 ops/sec
Dirty reads: 33 / 1909765 (0.002%)
  Dirty read avg latency: 2.07ms
read_lats: vec100: [880, 1300, 1390, 1440, 1490, 1520, 1560, 1590, 1620, 1660, 1690, 1720, 1740, 1770, 1781, 1800, 1820, 1840, 1850, 1870, 1890, 1910, 1930, 1950, 1960, 1980, 2000, 2010, 2030, 2040, 2050, 2070, 2081, 2100, 2120, 2131, 2150, 2170, 2190, 2200, 2220, 2240, 2250, 2270, 2281, 2300, 2320, 2330, 2350, 2370, 2390, 2410, 2420, 2440, 2460, 2480, 2500, 2520, 2540, 2560, 2580, 2600, 2620, 2650, 2670, 2690, 2720, 2740, 2760, 2790, 2820, 2840, 2870, 2900, 2930, 2960, 2990, 3020, 3050, 3080, 3120, 3150, 3190, 3230, 3270, 3320, 3370, 3430, 3490, 3560, 3640, 3730, 3831, 3970, 4150, 4390, 4700, 5100, 5581, 6240, 13040, 10099109]
write_lats: vec100: [4820, 5410, 5620, 5781, 5910, 6020, 6120, 6210, 6290, 6360, 6430, 6490, 6551, 6610, 6670, 6730, 6780, 6830, 6880, 6930, 6971, 7020, 7070, 7120, 7161, 7210, 7260, 7300, 7350, 7390, 7430, 7471, 7520, 7560, 7600, 7641, 7681, 7730, 7770, 7810, 7851, 7891, 7940, 7980, 8021, 8070, 8111, 8160, 8210, 8260, 8301, 8360, 8410, 8451, 8510, 8560, 8611, 8670, 8730, 8790, 8850, 8911, 8980, 9050, 9130, 9200, 9281, 9370, 9470, 9580, 9690, 9830, 9990, 10171, 10401, 10730, 11411, 13620, 14220, 14590, 14900, 15170, 15410, 15641, 15890, 16130, 16380, 16630, 16900, 17191, 17541, 17950, 18491, 19561, 22171, 23421, 24401, 25521, 27731, 33161, 57011, 81952]
                 avg          P99       P99.99         P100
Read         2.63μs      6.24μs     10.79μs      10.10ms
Write        10.58μs     33.34μs     65.30μs     81.95μs

=== bench_out5.dat ===
Monster: conflicts=75283, sync_failures=80012, empty_requests=0, try_overtime=12261, check_overtime=5385, replicate_overtime=62366
Ops: 2010000  Time: 6.59s  Throughput: 305079.76 ops/sec
Dirty reads: 32 / 1909646 (0.002%)
  Dirty read avg latency: 2.09ms
read_lats: vec100: [900, 1290, 1380, 1421, 1470, 1510, 1540, 1570, 1600, 1630, 1660, 1690, 1720, 1750, 1770, 1790, 1800, 1820, 1840, 1860, 1870, 1890, 1910, 1930, 1950, 1970, 1980, 2000, 2020, 2030, 2040, 2060, 2070, 2090, 2110, 2120, 2140, 2160, 2180, 2190, 2210, 2230, 2240, 2260, 2280, 2291, 2310, 2330, 2350, 2360, 2380, 2400, 2420, 2440, 2460, 2480, 2500, 2520, 2540, 2560, 2580, 2600, 2620, 2640, 2670, 2690, 2711, 2740, 2761, 2790, 2820, 2840, 2870, 2900, 2930, 2960, 2990, 3020, 3050, 3081, 3120, 3151, 3190, 3230, 3271, 3320, 3370, 3430, 3490, 3560, 3641, 3740, 3840, 3961, 4140, 4380, 4691, 5100, 5590, 6250, 13890, 10090008]
write_lats: vec100: [4690, 5380, 5590, 5750, 5870, 5990, 6090, 6190, 6271, 6360, 6440, 6510, 6580, 6650, 6710, 6770, 6840, 6900, 6950, 7010, 7061, 7120, 7170, 7221, 7271, 7330, 7380, 7430, 7480, 7530, 7580, 7630, 7671, 7720, 7770, 7820, 7870, 7920, 7961, 8020, 8070, 8111, 8170, 8220, 8270, 8320, 8371, 8430, 8480, 8540, 8600, 8651, 8720, 8780, 8840, 8910, 8980, 9050, 9130, 9210, 9291, 9381, 9481, 9591, 9720, 9861, 10030, 10220, 10480, 10880, 11860, 13800, 14280, 14611, 14880, 15120, 15340, 15561, 15770, 15980, 16190, 16390, 16610, 16811, 17060, 17340, 17650, 18030, 18510, 19320, 21560, 22771, 23540, 24260, 25010, 25901, 27600, 31061, 33361, 39431, 65141, 104963]
                 avg          P99       P99.99         P100
Read         2.62μs      6.25μs     10.71μs      10.09ms
Write        11.70μs     39.83μs     77.48μs    104.96μs

=== bench_out6.dat ===
Monster: conflicts=100123, sync_failures=75533, empty_requests=0, try_overtime=14925, check_overtime=7295, replicate_overtime=53313
Ops: 2010000  Time: 6.67s  Throughput: 301294.00 ops/sec
Dirty reads: 30 / 1909185 (0.002%)
  Dirty read avg latency: 2.12ms
read_lats: vec100: [900, 1280, 1380, 1410, 1440, 1480, 1510, 1540, 1570, 1600, 1630, 1660, 1690, 1720, 1740, 1761, 1781, 1800, 1820, 1840, 1860, 1870, 1890, 1910, 1930, 1950, 1970, 1980, 2000, 2020, 2030, 2041, 2060, 2070, 2090, 2110, 2121, 2140, 2160, 2180, 2190, 2210, 2230, 2250, 2260, 2280, 2300, 2310, 2330, 2350, 2370, 2380, 2400, 2420, 2440, 2460, 2480, 2500, 2520, 2540, 2560, 2580, 2600, 2621, 2650, 2670, 2700, 2720, 2750, 2770, 2800, 2820, 2850, 2880, 2910, 2940, 2970, 3000, 3030, 3061, 3100, 3131, 3170, 3210, 3250, 3300, 3350, 3410, 3470, 3540, 3620, 3710, 3810, 3940, 4120, 4360, 4670, 5080, 5560, 6221, 12120, 10085978]
write_lats: vec100: [4750, 5350, 5531, 5700, 5841, 5961, 6070, 6180, 6280, 6371, 6460, 6550, 6621, 6691, 6770, 6850, 6921, 6991, 7070, 7130, 7200, 7260, 7321, 7381, 7450, 7501, 7570, 7630, 7680, 7740, 7790, 7850, 7910, 7961, 8020, 8071, 8130, 8190, 8250, 8300, 8360, 8411, 8480, 8540, 8600, 8661, 8730, 8800, 8870, 8940, 9011, 9090, 9161, 9251, 9350, 9450, 9560, 9680, 9820, 9970, 10150, 10370, 10671, 11170, 13140, 13981, 14400, 14710, 14971, 15210, 15421, 15621, 15830, 16011, 16200, 16390, 16590, 16781, 16991, 17211, 17470, 17741, 18041, 18450, 18991, 20040, 22020, 22930, 23591, 24181, 24731, 25310, 26001, 27101, 29590, 31581, 32970, 35110, 39821, 46231, 86152, 132244]
                 avg          P99       P99.99         P100
Read         2.60μs      6.23μs     10.71μs      10.09ms
Write        13.06μs     46.33μs     88.89μs    132.24μs

=== bench_out7.dat ===
Monster: conflicts=129620, sync_failures=65197, empty_requests=0, try_overtime=15686, check_overtime=6410, replicate_overtime=43101
Ops: 2010000  Time: 6.84s  Throughput: 293665.01 ops/sec
Dirty reads: 30 / 1909186 (0.002%)
  Dirty read avg latency: 1.80ms
read_lats: vec100: [890, 1270, 1370, 1380, 1400, 1410, 1430, 1460, 1490, 1520, 1540, 1570, 1591, 1620, 1650, 1680, 1710, 1740, 1760, 1780, 1800, 1820, 1840, 1860, 1880, 1900, 1920, 1940, 1960, 1980, 2000, 2020, 2030, 2050, 2060, 2080, 2100, 2120, 2131, 2150, 2170, 2190, 2210, 2230, 2250, 2270, 2280, 2300, 2320, 2340, 2360, 2380, 2400, 2420, 2440, 2460, 2480, 2500, 2520, 2540, 2560, 2590, 2610, 2630, 2660, 2680, 2710, 2730, 2760, 2781, 2810, 2840, 2870, 2900, 2930, 2960, 2990, 3020, 3060, 3090, 3130, 3160, 3200, 3240, 3290, 3330, 3390, 3440, 3510, 3580, 3660, 3750, 3850, 3970, 4141, 4370, 4670, 5080, 5591, 6280, 12430, 2469131]
write_lats: vec100: [4680, 5281, 5450, 5610, 5740, 5870, 5950, 6050, 6150, 6260, 6360, 6451, 6550, 6650, 6750, 6841, 6931, 7020, 7110, 7191, 7280, 7351, 7431, 7500, 7570, 7640, 7710, 7771, 7840, 7910, 7970, 8040, 8110, 8171, 8241, 8310, 8380, 8441, 8511, 8580, 8651, 8730, 8810, 8890, 8980, 9060, 9150, 9241, 9340, 9440, 9550, 9680, 9820, 9971, 10160, 10400, 10720, 11280, 13140, 13970, 14440, 14780, 15041, 15280, 15480, 15681, 15880, 16070, 16260, 16441, 16640, 16831, 17031, 17261, 17491, 17750, 18030, 18380, 18850, 19641, 21360, 22450, 23100, 23601, 24080, 24541, 25031, 25571, 26200, 27011, 28811, 30820, 31981, 32971, 34191, 36411, 39641, 42131, 47521, 55411, 111383, 7703529]
                 avg          P99       P99.99         P100
Read         2.58μs      6.28μs     10.80μs       2.47ms
Write        14.85μs     55.52μs    114.24μs       7.70ms

=== bench_out8.dat ===
Monster: conflicts=164225, sync_failures=53748, empty_requests=0, try_overtime=17226, check_overtime=6320, replicate_overtime=30202
Ops: 2010000  Time: 6.98s  Throughput: 287939.47 ops/sec
Dirty reads: 30 / 1909459 (0.002%)
  Dirty read avg latency: 1.83ms
read_lats: vec100: [900, 1281, 1370, 1370, 1380, 1380, 1390, 1400, 1420, 1440, 1470, 1500, 1530, 1550, 1570, 1600, 1630, 1660, 1690, 1720, 1750, 1770, 1791, 1810, 1830, 1860, 1880, 1900, 1920, 1940, 1960, 1980, 2000, 2020, 2030, 2050, 2070, 2080, 2100, 2120, 2140, 2160, 2180, 2200, 2220, 2240, 2260, 2271, 2290, 2310, 2330, 2350, 2370, 2390, 2410, 2430, 2450, 2470, 2490, 2511, 2540, 2560, 2580, 2610, 2630, 2650, 2680, 2701, 2730, 2760, 2790, 2810, 2840, 2870, 2900, 2930, 2970, 3000, 3030, 3070, 3100, 3140, 3180, 3220, 3260, 3310, 3361, 3420, 3490, 3560, 3640, 3730, 3830, 3950, 4120, 4350, 4660, 5080, 5590, 6290, 13600, 7665319]
write_lats: vec100: [4690, 5210, 5360, 5520, 5660, 5780, 5880, 5961, 6050, 6140, 6240, 6340, 6450, 6560, 6700, 6830, 6960, 7080, 7190, 7300, 7400, 7500, 7590, 7670, 7750, 7830, 7910, 8000, 8070, 8150, 8231, 8310, 8390, 8470, 8550, 8630, 8711, 8810, 8891, 8990, 9081, 9181, 9290, 9410, 9531, 9680, 9841, 10031, 10260, 10560, 11040, 12611, 13631, 14271, 14670, 14970, 15210, 15420, 15620, 15820, 16000, 16170, 16361, 16541, 16730, 16911, 17110, 17321, 17561, 17810, 18090, 18441, 18921, 19730, 21450, 22441, 23030, 23471, 23871, 24250, 24631, 25011, 25441, 25941, 26541, 27540, 29461, 30821, 31691, 32520, 33370, 34400, 36341, 38961, 40581, 42371, 45971, 49462, 55272, 63831, 105032, 181294]
                 avg          P99       P99.99         P100
Read         2.56μs      6.29μs     10.96μs       7.67ms
Write        16.73μs     64.23μs    121.81μs    181.29μs

Average throughput across all outputs: 312495.56
Average read latency across all outputs: 2.57 us
Average write latency across all outputs: 11.26 us
