Date: 20260521_1729
YCSB workload: workloadb_64_single

============= RepCXL configuration =============
processes = "0-8"
logger_cluster_size = 3
algorithm = "lock"
pipeline = false
round_time = 1500 
read_retries = 10
core_affinity = "20-120" 
============= Benchmark Results =============

=== bench_out0.dat ===
Ops: 2010000  Time: 44.00s  Throughput: 45685.32 ops/sec
Dirty reads: 0 / 1909146 (0.000%)
read_lats: vec100: [3380, 5000, 5161, 5380, 5540, 5730, 5920, 6121, 6330, 6600, 6971, 7340, 7570, 7910, 8200, 8460, 8620, 8730, 8820, 8920, 9000, 9090, 9200, 9320, 9490, 9720, 10030, 10270, 10460, 10630, 10791, 10950, 11150, 11431, 11801, 12110, 12320, 12481, 12620, 12771, 12950, 13170, 13441, 13781, 14210, 14591, 14870, 15140, 15451, 15790, 16100, 16380, 16690, 17010, 17381, 17901, 18470, 18850, 19181, 19471, 19801, 20141, 20640, 21321, 22001, 22680, 23200, 23530, 23861, 24230, 24891, 25831, 26761, 27491, 28351, 29240, 30241, 31180, 32151, 33221, 34230, 35331, 36551, 37681, 38801, 40081, 41471, 42911, 44491, 46021, 47901, 49701, 51841, 53961, 56541, 59602, 63252, 67891, 73722, 84942, 291477, 8254064]
write_lats: vec100: [2640, 3500, 3600, 3670, 3730, 3770, 3830, 3880, 3930, 3960, 4000, 4040, 4070, 4090, 4130, 4160, 4210, 4240, 4270, 4300, 4330, 4360, 4390, 4430, 4460, 4480, 4510, 4540, 4570, 4601, 4640, 4680, 4710, 4750, 4790, 4830, 4870, 4920, 4970, 5010, 5070, 5130, 5191, 5260, 5330, 5390, 5450, 5520, 5580, 5650, 5710, 5780, 5850, 5940, 6030, 6130, 6230, 6330, 6420, 6520, 6600, 6681, 6790, 6880, 6980, 7070, 7150, 7240, 7320, 7400, 7480, 7561, 7660, 7760, 7870, 7990, 8110, 8240, 8360, 8490, 8620, 8740, 8860, 8990, 9140, 9301, 9481, 9660, 9830, 10041, 10291, 10540, 10791, 11080, 11420, 11930, 12610, 13251, 14261, 16290, 26170, 3692531]
                 avg          P99       P99.99         P100
Read        22.52μs     84.98μs    212.97μs       8.25ms
Write         6.66μs     16.48μs     40.04μs       3.69ms

=== bench_out1.dat ===
Ops: 2010000  Time: 44.26s  Throughput: 45416.14 ops/sec
Dirty reads: 0 / 1909598 (0.000%)
read_lats: vec100: [3290, 4910, 5100, 5240, 5380, 5540, 5721, 5971, 6190, 6430, 6770, 7190, 7440, 7700, 8030, 8300, 8481, 8601, 8720, 8790, 8900, 8980, 9071, 9180, 9310, 9520, 9840, 10131, 10341, 10530, 10700, 10860, 11031, 11260, 11620, 11990, 12220, 12371, 12540, 12671, 12831, 13050, 13320, 13611, 14051, 14461, 14770, 15040, 15331, 15650, 15980, 16271, 16570, 16921, 17280, 17801, 18380, 18801, 19141, 19450, 19780, 20120, 20610, 21321, 22051, 22700, 23211, 23561, 23891, 24271, 24931, 25930, 26881, 27630, 28491, 29430, 30470, 31440, 32431, 33551, 34570, 35711, 36951, 38091, 39281, 40581, 42001, 43481, 45061, 46682, 48591, 50461, 52641, 55001, 57612, 60822, 64681, 69651, 75852, 87462, 246126, 8085100]
write_lats: vec100: [2650, 3440, 3530, 3590, 3620, 3670, 3710, 3740, 3770, 3830, 3850, 3880, 3911, 3960, 3991, 4020, 4050, 4080, 4120, 4160, 4201, 4240, 4280, 4310, 4350, 4380, 4410, 4450, 4471, 4510, 4540, 4570, 4601, 4640, 4680, 4710, 4750, 4790, 4831, 4881, 4930, 4990, 5030, 5090, 5160, 5230, 5310, 5371, 5431, 5500, 5560, 5630, 5710, 5780, 5860, 5960, 6070, 6190, 6300, 6410, 6520, 6610, 6690, 6791, 6890, 6990, 7070, 7150, 7231, 7311, 7400, 7480, 7561, 7670, 7771, 7890, 8020, 8150, 8290, 8410, 8530, 8670, 8800, 8920, 9050, 9210, 9381, 9570, 9750, 9940, 10181, 10440, 10680, 10950, 11271, 11731, 12470, 13140, 14100, 16190, 114583, 1120927]
                 avg          P99       P99.99         P100
Read        22.66μs     87.52μs    213.84μs       8.09ms
Write         6.50μs     16.19μs     39.06μs       1.12ms

=== bench_out2.dat ===
Ops: 2010000  Time: 44.13s  Throughput: 45549.07 ops/sec
Dirty reads: 0 / 1909178 (0.000%)
read_lats: vec100: [3790, 4990, 5150, 5350, 5520, 5681, 5900, 6110, 6320, 6600, 6980, 7330, 7550, 7861, 8160, 8420, 8570, 8710, 8800, 8900, 8981, 9071, 9181, 9300, 9470, 9720, 10050, 10280, 10470, 10640, 10801, 10961, 11161, 11461, 11850, 12131, 12330, 12500, 12630, 12781, 12970, 13201, 13481, 13831, 14270, 14631, 14910, 15190, 15481, 15830, 16130, 16411, 16740, 17050, 17451, 17991, 18540, 18901, 19231, 19530, 19860, 20230, 20761, 21460, 22151, 22801, 23261, 23611, 23921, 24330, 25050, 26040, 26900, 27611, 28481, 29381, 30401, 31351, 32321, 33421, 34410, 35561, 36771, 37881, 39001, 40291, 41661, 43111, 44661, 46201, 48081, 49881, 52011, 54171, 56751, 59771, 63461, 68101, 74052, 85263, 262777, 7656609]
write_lats: vec100: [2670, 3480, 3581, 3640, 3700, 3740, 3780, 3830, 3871, 3921, 3960, 3990, 4030, 4070, 4090, 4120, 4160, 4210, 4240, 4270, 4300, 4340, 4370, 4400, 4430, 4460, 4490, 4520, 4550, 4580, 4610, 4650, 4690, 4720, 4760, 4800, 4840, 4880, 4930, 4980, 5020, 5080, 5140, 5220, 5290, 5360, 5420, 5490, 5550, 5620, 5690, 5750, 5820, 5910, 6010, 6110, 6211, 6320, 6411, 6511, 6600, 6690, 6790, 6880, 6980, 7070, 7150, 7240, 7320, 7401, 7480, 7561, 7660, 7750, 7861, 7980, 8100, 8220, 8350, 8460, 8590, 8720, 8850, 8980, 9130, 9280, 9450, 9630, 9810, 10011, 10241, 10510, 10770, 11060, 11411, 11940, 12660, 13301, 14310, 16351, 29651, 969794]
                 avg          P99       P99.99         P100
Read        22.59μs     85.33μs    215.01μs       7.66ms
Write         6.60μs     16.41μs     37.87μs    969.79μs

=== bench_out3.dat ===
Ops: 2010000  Time: 44.14s  Throughput: 45536.57 ops/sec
Dirty reads: 0 / 1909198 (0.000%)
read_lats: vec100: [3590, 4981, 5140, 5310, 5460, 5610, 5850, 6070, 6290, 6570, 6951, 7320, 7551, 7880, 8180, 8430, 8560, 8700, 8770, 8870, 8960, 9050, 9151, 9270, 9440, 9700, 10030, 10261, 10460, 10630, 10791, 10951, 11160, 11460, 11850, 12120, 12320, 12480, 12610, 12761, 12941, 13180, 13470, 13831, 14280, 14640, 14910, 15190, 15481, 15830, 16121, 16411, 16740, 17060, 17470, 18011, 18541, 18910, 19231, 19531, 19860, 20220, 20761, 21471, 22171, 22810, 23261, 23620, 23930, 24340, 25050, 26041, 26930, 27661, 28521, 29431, 30461, 31411, 32401, 33481, 34471, 35620, 36821, 37941, 39091, 40371, 41751, 43201, 44742, 46251, 48091, 49881, 52021, 54211, 56751, 59792, 63472, 68141, 74072, 85212, 249686, 7775112]
write_lats: vec100: [2790, 3480, 3570, 3610, 3660, 3710, 3740, 3790, 3830, 3860, 3900, 3950, 3980, 4010, 4040, 4071, 4100, 4140, 4190, 4230, 4260, 4300, 4330, 4370, 4400, 4430, 4460, 4490, 4520, 4550, 4581, 4620, 4660, 4690, 4720, 4760, 4801, 4841, 4890, 4940, 4990, 5040, 5100, 5170, 5240, 5310, 5370, 5421, 5490, 5550, 5610, 5681, 5741, 5820, 5910, 6011, 6130, 6240, 6340, 6430, 6540, 6620, 6720, 6811, 6910, 7001, 7090, 7170, 7251, 7331, 7420, 7500, 7590, 7690, 7800, 7920, 8040, 8180, 8310, 8420, 8551, 8690, 8820, 8960, 9110, 9280, 9451, 9630, 9810, 10030, 10260, 10510, 10770, 11040, 11410, 11921, 12620, 13251, 14311, 16380, 228526, 912162]
                 avg          P99       P99.99         P100
Read        22.60μs     85.29μs    213.62μs       7.78ms
Write         6.55μs     16.38μs     34.42μs    912.16μs

=== bench_out4.dat ===
Ops: 2010000  Time: 60.19s  Throughput: 33395.09 ops/sec
Dirty reads: 0 / 1909765 (0.000%)
read_lats: vec100: [3120, 5510, 6070, 6301, 6520, 6671, 6850, 6950, 7071, 7250, 7470, 7631, 7720, 7811, 7901, 8030, 8150, 8211, 8310, 8431, 8631, 8990, 9351, 9811, 10160, 10370, 10570, 10800, 11130, 11561, 12000, 12331, 12690, 13271, 13720, 14071, 14331, 14531, 14741, 14980, 15270, 15650, 16260, 16650, 17031, 17270, 17641, 17990, 18351, 18600, 18970, 19341, 19760, 20330, 21041, 21830, 22431, 23001, 23531, 24091, 24750, 25471, 26241, 26931, 27621, 28431, 29311, 30181, 31101, 31951, 32891, 33991, 35180, 36131, 37221, 38461, 39871, 41241, 42731, 44321, 46131, 47991, 49881, 51972, 54021, 56332, 58821, 61562, 64541, 67761, 71261, 75142, 79532, 84552, 90332, 97032, 105313, 115952, 130563, 155604, 355009, 8036078]
write_lats: vec100: [2540, 3340, 3480, 3600, 3680, 3780, 3860, 3950, 4030, 4070, 4150, 4210, 4251, 4290, 4330, 4370, 4400, 4430, 4471, 4510, 4540, 4570, 4600, 4640, 4690, 4720, 4760, 4810, 4850, 4890, 4940, 4980, 5040, 5090, 5140, 5190, 5240, 5290, 5340, 5400, 5450, 5511, 5590, 5680, 5780, 5880, 5980, 6070, 6161, 6260, 6341, 6430, 6510, 6590, 6670, 6761, 6870, 6990, 7101, 7230, 7361, 7490, 7620, 7750, 7880, 8020, 8140, 8260, 8360, 8460, 8550, 8640, 8740, 8810, 8890, 9011, 9101, 9211, 9330, 9470, 9640, 9800, 9960, 10110, 10250, 10360, 10490, 10620, 10760, 10920, 11160, 11480, 11920, 12441, 12940, 13441, 14160, 15351, 16910, 19780, 37140, 1206159]
                 avg          P99       P99.99         P100
Read        31.04μs    155.71μs    316.07μs       8.04ms
Write         7.31μs     19.94μs     43.31μs       1.21ms

=== bench_out5.dat ===
Ops: 2010000  Time: 60.20s  Throughput: 33388.56 ops/sec
Dirty reads: 0 / 1909646 (0.000%)
read_lats: vec100: [3080, 5530, 6071, 6300, 6520, 6671, 6870, 6980, 7101, 7270, 7520, 7651, 7740, 7831, 7920, 8050, 8160, 8240, 8340, 8461, 8690, 9040, 9441, 9870, 10180, 10371, 10571, 10810, 11150, 11580, 12020, 12341, 12701, 13310, 13741, 14080, 14330, 14521, 14721, 14950, 15231, 15590, 16221, 16601, 17001, 17250, 17550, 17920, 18291, 18561, 18920, 19300, 19720, 20271, 21000, 21790, 22401, 22980, 23471, 24041, 24720, 25440, 26211, 26921, 27611, 28441, 29321, 30170, 31071, 31921, 32901, 34011, 35191, 36181, 37271, 38521, 39921, 41301, 42771, 44361, 46161, 48042, 49941, 51981, 54061, 56421, 58891, 61561, 64562, 67801, 71272, 75191, 79552, 84532, 90293, 97112, 105282, 115903, 130904, 155894, 363359, 7216018]
write_lats: vec100: [2560, 3310, 3460, 3560, 3650, 3750, 3820, 3900, 3980, 4040, 4070, 4150, 4210, 4250, 4290, 4320, 4360, 4391, 4420, 4450, 4490, 4520, 4550, 4580, 4600, 4640, 4680, 4720, 4750, 4790, 4830, 4870, 4910, 4950, 5010, 5051, 5100, 5150, 5200, 5260, 5300, 5351, 5410, 5470, 5550, 5640, 5750, 5860, 5990, 6081, 6191, 6301, 6390, 6480, 6550, 6650, 6740, 6831, 6941, 7071, 7201, 7341, 7500, 7630, 7770, 7901, 8040, 8150, 8271, 8361, 8451, 8550, 8630, 8721, 8800, 8881, 9020, 9101, 9230, 9340, 9500, 9670, 9840, 10010, 10160, 10281, 10400, 10540, 10680, 10840, 11030, 11301, 11801, 12370, 12880, 13320, 14030, 15280, 16641, 19460, 33001, 1203910]
                 avg          P99       P99.99         P100
Read        31.05μs    155.98μs    312.39μs       7.22ms
Write         7.21μs     19.67μs     41.78μs       1.20ms

=== bench_out6.dat ===
Ops: 2010000  Time: 60.00s  Throughput: 33500.20 ops/sec
Dirty reads: 0 / 1909185 (0.000%)
read_lats: vec100: [3170, 5610, 6101, 6330, 6550, 6730, 6870, 6980, 7090, 7260, 7511, 7650, 7740, 7831, 7920, 8050, 8160, 8240, 8340, 8460, 8680, 9030, 9440, 9880, 10190, 10390, 10590, 10830, 11180, 11630, 12090, 12420, 12800, 13371, 13780, 14120, 14370, 14560, 14770, 15010, 15311, 15740, 16320, 16671, 17041, 17270, 17660, 18000, 18351, 18591, 18960, 19331, 19741, 20311, 21011, 21800, 22401, 23001, 23541, 24070, 24721, 25470, 26241, 26941, 27640, 28441, 29310, 30181, 31130, 31991, 32931, 34031, 35211, 36141, 37251, 38491, 39911, 41231, 42681, 44271, 46051, 47902, 49752, 51861, 53851, 56181, 58631, 61261, 64192, 67402, 70882, 74722, 79002, 84042, 89712, 96402, 104483, 114893, 129453, 154174, 341639, 7803902]
write_lats: vec100: [2590, 3400, 3500, 3630, 3730, 3810, 3900, 3990, 4040, 4100, 4171, 4230, 4261, 4300, 4340, 4380, 4410, 4450, 4480, 4520, 4550, 4571, 4601, 4650, 4690, 4730, 4770, 4820, 4860, 4900, 4950, 5000, 5050, 5100, 5150, 5201, 5260, 5300, 5360, 5411, 5470, 5540, 5620, 5710, 5810, 5910, 6010, 6100, 6190, 6280, 6370, 6450, 6520, 6601, 6690, 6771, 6880, 7000, 7120, 7250, 7370, 7500, 7630, 7751, 7890, 8030, 8140, 8261, 8351, 8450, 8531, 8611, 8710, 8790, 8870, 9000, 9090, 9200, 9320, 9470, 9640, 9791, 9951, 10100, 10230, 10340, 10460, 10601, 10751, 10901, 11141, 11470, 11930, 12440, 12941, 13461, 14170, 15380, 16861, 19550, 40281, 1040596]
                 avg          P99       P99.99         P100
Read        30.95μs    154.32μs    311.73μs       7.80ms
Write         7.31μs     19.60μs     42.83μs       1.04ms

=== bench_out7.dat ===
Ops: 2010000  Time: 60.22s  Throughput: 33377.40 ops/sec
Dirty reads: 0 / 1909186 (0.000%)
read_lats: vec100: [3120, 5460, 6031, 6270, 6490, 6650, 6860, 6960, 7090, 7260, 7481, 7640, 7730, 7820, 7910, 8040, 8150, 8230, 8330, 8460, 8681, 9040, 9441, 9870, 10171, 10380, 10580, 10801, 11131, 11561, 12010, 12330, 12680, 13290, 13731, 14071, 14320, 14520, 14721, 14961, 15270, 15610, 16231, 16610, 17021, 17280, 17640, 18010, 18351, 18600, 18961, 19351, 19811, 20371, 21110, 21860, 22501, 23050, 23590, 24140, 24811, 25521, 26311, 26991, 27661, 28491, 29380, 30241, 31141, 32011, 32980, 34121, 35311, 36261, 37330, 38581, 39951, 41321, 42771, 44371, 46171, 48041, 49912, 51981, 54001, 56312, 58791, 61492, 64511, 67732, 71252, 75132, 79522, 84472, 90202, 97042, 105293, 115853, 130723, 155774, 345449, 6910890]
write_lats: vec100: [2510, 3310, 3470, 3570, 3670, 3780, 3861, 3950, 4030, 4070, 4160, 4230, 4270, 4310, 4350, 4390, 4420, 4460, 4490, 4531, 4570, 4591, 4630, 4680, 4720, 4760, 4800, 4850, 4890, 4940, 4990, 5050, 5100, 5150, 5201, 5260, 5310, 5360, 5410, 5461, 5521, 5600, 5690, 5790, 5880, 5980, 6080, 6160, 6250, 6340, 6420, 6500, 6570, 6660, 6750, 6840, 6951, 7080, 7191, 7311, 7440, 7570, 7680, 7810, 7950, 8080, 8200, 8310, 8400, 8501, 8590, 8680, 8771, 8850, 8961, 9061, 9170, 9270, 9381, 9540, 9690, 9851, 10000, 10150, 10280, 10410, 10550, 10691, 10850, 11040, 11300, 11611, 12060, 12540, 13020, 13530, 14320, 15491, 17060, 20030, 39561, 1065456]
                 avg          P99       P99.99         P100
Read        31.06μs    155.93μs    316.34μs       6.91ms
Write         7.37μs     20.07μs     40.41μs       1.07ms

=== bench_out8.dat ===
Ops: 2010000  Time: 60.21s  Throughput: 33382.66 ops/sec
Dirty reads: 0 / 1909459 (0.000%)
read_lats: vec100: [3100, 5501, 6060, 6300, 6521, 6671, 6860, 6960, 7081, 7260, 7490, 7640, 7730, 7820, 7910, 8031, 8150, 8221, 8320, 8450, 8660, 9010, 9390, 9830, 10150, 10360, 10560, 10781, 11100, 11550, 11980, 12330, 12690, 13270, 13730, 14071, 14330, 14521, 14730, 14961, 15260, 15631, 16251, 16621, 17030, 17261, 17640, 17991, 18350, 18590, 18951, 19331, 19751, 20320, 21040, 21830, 22450, 23020, 23551, 24101, 24781, 25510, 26271, 26970, 27661, 28501, 29370, 30231, 31141, 32001, 32941, 34060, 35250, 36181, 37281, 38541, 39931, 41281, 42791, 44421, 46221, 48051, 49942, 51991, 54061, 56381, 58841, 61542, 64531, 67821, 71322, 75152, 79522, 84522, 90232, 97012, 105262, 115833, 130583, 155694, 356768, 1872536]
write_lats: vec100: [2480, 3281, 3450, 3550, 3650, 3740, 3830, 3910, 4000, 4040, 4090, 4170, 4220, 4260, 4290, 4330, 4370, 4400, 4430, 4470, 4500, 4530, 4560, 4590, 4620, 4660, 4700, 4731, 4770, 4820, 4860, 4900, 4950, 5000, 5050, 5100, 5150, 5200, 5260, 5301, 5360, 5420, 5470, 5530, 5620, 5720, 5821, 5940, 6050, 6150, 6260, 6351, 6450, 6520, 6601, 6690, 6780, 6880, 7000, 7120, 7260, 7390, 7540, 7660, 7800, 7940, 8070, 8180, 8291, 8380, 8470, 8561, 8651, 8750, 8820, 8910, 9040, 9120, 9231, 9351, 9540, 9691, 9880, 10050, 10180, 10310, 10431, 10570, 10711, 10860, 11051, 11360, 11820, 12371, 12890, 13341, 14070, 15350, 16900, 19850, 33881, 12028347]
                 avg          P99       P99.99         P100
Read        31.05μs    155.81μs    317.11μs       1.87ms
Write         7.35μs     20.03μs     43.08μs      12.03ms

Average throughput across all outputs: 38803.44
Average read latency across all outputs: 27.28 us
Average write latency across all outputs: 6.98 us
