Date: 20260602_1515
YCSB workload: workloada_64

============= RepCXL configuration =============
processes = "0-8"
logger_cluster_size = 3
algorithm = "logger_only"
pipeline = false
round_time = 1500 
read_retries = 0
core_affinity = "20-120" 
============= Benchmark Results =============

=== bench_out0.dat ===
Ops: 20000  Time: 8.72s  Throughput: 2293.75 ops/sec
Dirty reads: 10042 / 10042 (100.000%)
  Dirty read avg latency: 1.74ms
read_lats: vec100: [1003115, 1593309, 1693282, 1703322, 1707462, 1709732, 1711702, 1713072, 1714372, 1715392, 1716623, 1717512, 1718352, 1719172, 1719902, 1720572, 1721272, 1722012, 1722663, 1723293, 1723842, 1724412, 1724942, 1725432, 1725902, 1726472, 1726953, 1727392, 1727943, 1728383, 1728772, 1729222, 1729643, 1730252, 1730642, 1731062, 1731503, 1731963, 1732393, 1732832, 1733293, 1733693, 1734102, 1734482, 1734903, 1735402, 1735783, 1736213, 1736672, 1737053, 1737423, 1737823, 1738263, 1738622, 1739043, 1739493, 1739853, 1740263, 1740773, 1741153, 1741593, 1742063, 1742473, 1742883, 1743342, 1743803, 1744303, 1744883, 1745363, 1745913, 1746413, 1746863, 1747463, 1747923, 1748563, 1749113, 1749643, 1750133, 1750754, 1751363, 1752043, 1752733, 1753433, 1754263, 1755183, 1755803, 1756553, 1757293, 1758243, 1759374, 1760424, 1761413, 1762663, 1764244, 1765363, 1767024, 1768913, 1771504, 1774084, 1779734, 1790714, 2110882]
write_lats: vec100: [1060, 1130, 1150, 1160, 1160, 1170, 1171, 1180, 1180, 1190, 1190, 1190, 1190, 1190, 1190, 1200, 1200, 1200, 1200, 1200, 1200, 1200, 1200, 1210, 1210, 1210, 1210, 1210, 1210, 1210, 1211, 1220, 1220, 1220, 1220, 1220, 1220, 1230, 1230, 1230, 1230, 1230, 1230, 1240, 1240, 1240, 1240, 1240, 1250, 1250, 1250, 1250, 1260, 1260, 1260, 1270, 1270, 1270, 1270, 1280, 1280, 1280, 1290, 1290, 1290, 1290, 1300, 1300, 1300, 1301, 1310, 1310, 1320, 1320, 1330, 1340, 1340, 1350, 1360, 1370, 1380, 1390, 1400, 1401, 1410, 1420, 1430, 1440, 1450, 1461, 1480, 1490, 1500, 1510, 1520, 1530, 1550, 1570, 1600, 1640, 1731, 6270]
                 avg          P99       P99.99         P100
Read          1.74ms       1.78ms       1.84ms       2.11ms
Write         1.29μs      1.69μs      6.27μs      6.27μs

=== bench_out1.dat ===
Ops: 20000  Time: 8.72s  Throughput: 2294.38 ops/sec
Dirty reads: 10038 / 10038 (100.000%)
  Dirty read avg latency: 1.74ms
read_lats: vec100: [928853, 1594689, 1692952, 1704042, 1707572, 1709823, 1711752, 1713272, 1714612, 1715742, 1716632, 1717752, 1718772, 1719672, 1720283, 1721022, 1721742, 1722312, 1722863, 1723472, 1724112, 1724693, 1725242, 1725683, 1726132, 1726573, 1727083, 1727562, 1728103, 1728563, 1729053, 1729413, 1729863, 1730343, 1730783, 1731203, 1731593, 1732043, 1732492, 1732972, 1733453, 1733863, 1734313, 1734692, 1735143, 1735633, 1736022, 1736423, 1736843, 1737243, 1737623, 1738003, 1738443, 1738893, 1739313, 1739783, 1740233, 1740603, 1740993, 1741423, 1741833, 1742233, 1742703, 1743203, 1743663, 1744123, 1744603, 1745043, 1745543, 1746012, 1746503, 1746993, 1747443, 1747913, 1748373, 1749013, 1749573, 1750093, 1750763, 1751393, 1752073, 1752693, 1753333, 1753984, 1754823, 1755503, 1756383, 1757283, 1758273, 1759383, 1760493, 1761443, 1762563, 1764063, 1765484, 1767134, 1769203, 1771543, 1774153, 1779584, 1790385, 2119512]
write_lats: vec100: [1060, 1120, 1150, 1160, 1170, 1170, 1180, 1190, 1190, 1190, 1190, 1190, 1190, 1200, 1200, 1200, 1200, 1200, 1200, 1200, 1200, 1200, 1210, 1210, 1210, 1210, 1210, 1210, 1210, 1220, 1220, 1220, 1220, 1220, 1220, 1221, 1230, 1230, 1230, 1230, 1230, 1240, 1240, 1240, 1240, 1240, 1240, 1240, 1240, 1250, 1250, 1250, 1250, 1250, 1250, 1251, 1260, 1260, 1260, 1260, 1261, 1270, 1270, 1280, 1280, 1290, 1290, 1290, 1300, 1300, 1310, 1310, 1320, 1320, 1330, 1330, 1340, 1340, 1350, 1350, 1360, 1370, 1380, 1390, 1400, 1410, 1420, 1430, 1440, 1450, 1460, 1470, 1480, 1490, 1500, 1510, 1530, 1540, 1560, 1590, 1650, 32950]
                 avg          P99       P99.99         P100
Read          1.74ms       1.78ms       1.89ms       2.12ms
Write         1.29μs      1.62μs     32.95μs     32.95μs

=== bench_out2.dat ===
Ops: 20000  Time: 8.67s  Throughput: 2306.47 ops/sec
Dirty reads: 9974 / 9974 (100.000%)
  Dirty read avg latency: 1.74ms
read_lats: vec100: [842341, 1668221, 1701222, 1705382, 1708682, 1710802, 1712552, 1714112, 1715472, 1716472, 1717512, 1718362, 1719162, 1720033, 1720802, 1721513, 1722212, 1722722, 1723363, 1723892, 1724372, 1724952, 1725472, 1725933, 1726512, 1726952, 1727433, 1727863, 1728332, 1728763, 1729202, 1729652, 1730093, 1730543, 1730983, 1731343, 1731712, 1732132, 1732603, 1733063, 1733502, 1733883, 1734353, 1734753, 1735173, 1735602, 1735933, 1736343, 1736713, 1737123, 1737512, 1737933, 1738383, 1738813, 1739263, 1739683, 1740083, 1740563, 1740933, 1741313, 1741763, 1742183, 1742703, 1743193, 1743613, 1744163, 1744503, 1744963, 1745483, 1745973, 1746423, 1746903, 1747493, 1747983, 1748493, 1749053, 1749533, 1750183, 1750763, 1751353, 1751973, 1752653, 1753303, 1754003, 1754743, 1755643, 1756263, 1757143, 1758053, 1759043, 1759973, 1760943, 1762274, 1763514, 1764854, 1766633, 1768413, 1770434, 1773084, 1777504, 1785754, 2114282]
write_lats: vec100: [1090, 1130, 1150, 1160, 1161, 1170, 1180, 1180, 1190, 1190, 1190, 1190, 1190, 1190, 1190, 1200, 1200, 1200, 1200, 1200, 1200, 1200, 1200, 1200, 1200, 1210, 1210, 1210, 1210, 1210, 1210, 1210, 1210, 1220, 1220, 1220, 1220, 1220, 1220, 1230, 1230, 1230, 1230, 1230, 1240, 1240, 1240, 1240, 1240, 1241, 1250, 1250, 1250, 1250, 1250, 1251, 1260, 1260, 1260, 1270, 1270, 1280, 1280, 1280, 1290, 1290, 1290, 1290, 1300, 1300, 1300, 1310, 1310, 1320, 1321, 1330, 1340, 1340, 1350, 1360, 1370, 1380, 1390, 1400, 1400, 1410, 1421, 1430, 1440, 1450, 1460, 1470, 1480, 1490, 1500, 1511, 1530, 1550, 1570, 1600, 1740, 25530]
                 avg          P99       P99.99         P100
Read          1.74ms       1.78ms       2.11ms       2.11ms
Write         1.29μs      1.62μs      8.20μs     25.53μs

=== bench_out3.dat ===
Ops: 20000  Time: 8.71s  Throughput: 2295.99 ops/sec
Dirty reads: 10028 / 10028 (100.000%)
  Dirty read avg latency: 1.74ms
read_lats: vec100: [682166, 1599940, 1695062, 1704522, 1708232, 1710473, 1712422, 1714053, 1715192, 1716292, 1717272, 1718173, 1719042, 1719802, 1720653, 1721392, 1722043, 1722602, 1723263, 1723862, 1724343, 1724913, 1725413, 1726013, 1726523, 1727043, 1727542, 1727963, 1728393, 1728812, 1729253, 1729742, 1730252, 1730732, 1731113, 1731622, 1732042, 1732523, 1733013, 1733433, 1733842, 1734272, 1734672, 1735072, 1735402, 1735813, 1736223, 1736623, 1736993, 1737383, 1737763, 1738133, 1738613, 1739033, 1739502, 1739873, 1740273, 1740653, 1741133, 1741533, 1741973, 1742423, 1742853, 1743363, 1743933, 1744343, 1744803, 1745323, 1745773, 1746233, 1746683, 1747153, 1747643, 1748233, 1748823, 1749343, 1749863, 1750333, 1750973, 1751573, 1752213, 1752883, 1753663, 1754503, 1755243, 1756014, 1756863, 1757684, 1758553, 1759693, 1760663, 1761764, 1763113, 1764453, 1766013, 1767693, 1769324, 1771604, 1775184, 1780224, 1793625, 2109022]
write_lats: vec100: [1100, 1140, 1160, 1160, 1170, 1170, 1180, 1190, 1190, 1190, 1190, 1190, 1190, 1200, 1200, 1200, 1200, 1200, 1200, 1200, 1200, 1200, 1210, 1210, 1210, 1210, 1210, 1210, 1210, 1210, 1210, 1220, 1220, 1220, 1220, 1220, 1220, 1220, 1230, 1230, 1230, 1230, 1240, 1240, 1240, 1240, 1240, 1240, 1240, 1240, 1250, 1250, 1250, 1250, 1250, 1250, 1250, 1260, 1260, 1260, 1260, 1260, 1260, 1270, 1270, 1280, 1280, 1290, 1290, 1300, 1300, 1310, 1310, 1320, 1320, 1330, 1340, 1340, 1350, 1360, 1370, 1380, 1390, 1400, 1400, 1410, 1420, 1430, 1440, 1450, 1460, 1470, 1480, 1490, 1500, 1510, 1520, 1540, 1550, 1570, 1650, 18810]
                 avg          P99       P99.99         P100
Read          1.74ms       1.78ms       1.84ms       2.11ms
Write         1.29μs      1.61μs     18.81μs     18.81μs

=== bench_out4.dat ===
Ops: 20000  Time: 8.71s  Throughput: 2295.98 ops/sec
Dirty reads: 10028 / 10028 (100.000%)
  Dirty read avg latency: 1.74ms
read_lats: vec100: [648196, 1601339, 1698122, 1705442, 1708862, 1711033, 1712783, 1714592, 1715842, 1716742, 1717672, 1718523, 1719392, 1720173, 1720772, 1721492, 1722212, 1722822, 1723442, 1723932, 1724423, 1724952, 1725512, 1726042, 1726422, 1726923, 1727432, 1727853, 1728333, 1728783, 1729222, 1729643, 1730143, 1730652, 1731042, 1731463, 1731903, 1732433, 1732863, 1733332, 1733703, 1734113, 1734513, 1734942, 1735383, 1735783, 1736173, 1736653, 1737053, 1737503, 1737943, 1738353, 1738743, 1739023, 1739423, 1739812, 1740203, 1740623, 1741063, 1741452, 1741923, 1742353, 1742773, 1743263, 1743703, 1744183, 1744733, 1745223, 1745613, 1746093, 1746553, 1747093, 1747553, 1748053, 1748563, 1749084, 1749674, 1750273, 1750973, 1751623, 1752213, 1752873, 1753443, 1754213, 1754954, 1755664, 1756464, 1757294, 1758103, 1759093, 1760224, 1761333, 1762654, 1764083, 1765333, 1767313, 1768954, 1771354, 1775284, 1780454, 1794394, 2100792]
write_lats: vec100: [1030, 1120, 1140, 1150, 1150, 1160, 1160, 1160, 1170, 1170, 1170, 1170, 1180, 1180, 1180, 1180, 1180, 1190, 1190, 1190, 1190, 1190, 1190, 1191, 1200, 1200, 1200, 1200, 1200, 1200, 1200, 1200, 1210, 1210, 1210, 1210, 1210, 1210, 1211, 1220, 1220, 1220, 1220, 1220, 1221, 1230, 1230, 1230, 1230, 1230, 1240, 1240, 1240, 1240, 1250, 1250, 1250, 1250, 1260, 1260, 1270, 1270, 1280, 1280, 1280, 1290, 1290, 1300, 1300, 1300, 1310, 1310, 1311, 1320, 1320, 1330, 1330, 1340, 1340, 1350, 1360, 1370, 1380, 1390, 1400, 1410, 1410, 1420, 1440, 1450, 1460, 1470, 1480, 1490, 1500, 1510, 1530, 1540, 1570, 1610, 1680, 12700]
                 avg          P99       P99.99         P100
Read          1.74ms       1.78ms       1.86ms       2.10ms
Write         1.28μs      1.65μs     12.70μs     12.70μs

=== bench_out5.dat ===
Ops: 20000  Time: 8.73s  Throughput: 2292.25 ops/sec
Dirty reads: 10052 / 10052 (100.000%)
  Dirty read avg latency: 1.74ms
read_lats: vec100: [668367, 1578069, 1691381, 1703242, 1707052, 1709772, 1711962, 1713622, 1715033, 1716102, 1717043, 1718023, 1719002, 1719822, 1720682, 1721382, 1722003, 1722662, 1723273, 1723812, 1724353, 1724833, 1725353, 1725833, 1726273, 1726772, 1727322, 1727762, 1728203, 1728723, 1729113, 1729563, 1730053, 1730473, 1730923, 1731372, 1731813, 1732353, 1732763, 1733193, 1733573, 1733973, 1734482, 1734903, 1735333, 1735733, 1736142, 1736553, 1736933, 1737373, 1737853, 1738263, 1738653, 1739053, 1739383, 1739803, 1740213, 1740603, 1741043, 1741462, 1741893, 1742373, 1742893, 1743333, 1743843, 1744423, 1744923, 1745373, 1745812, 1746343, 1746803, 1747374, 1747843, 1748403, 1748853, 1749423, 1749993, 1750533, 1751044, 1751714, 1752303, 1752893, 1753593, 1754204, 1754953, 1755744, 1756443, 1757273, 1758214, 1759143, 1760354, 1761523, 1762654, 1763953, 1765174, 1767054, 1769204, 1771523, 1774353, 1779144, 1788194, 2104422]
write_lats: vec100: [880, 1120, 1140, 1150, 1150, 1160, 1160, 1160, 1170, 1170, 1170, 1170, 1180, 1180, 1180, 1180, 1180, 1190, 1190, 1190, 1190, 1190, 1190, 1190, 1200, 1200, 1200, 1200, 1200, 1200, 1200, 1200, 1210, 1210, 1210, 1210, 1210, 1210, 1210, 1220, 1220, 1220, 1220, 1220, 1220, 1230, 1230, 1230, 1230, 1230, 1231, 1240, 1240, 1240, 1240, 1240, 1250, 1250, 1250, 1250, 1260, 1260, 1260, 1270, 1270, 1280, 1280, 1290, 1290, 1300, 1300, 1310, 1310, 1310, 1320, 1330, 1330, 1340, 1340, 1350, 1360, 1360, 1370, 1380, 1390, 1400, 1410, 1420, 1430, 1440, 1450, 1460, 1470, 1480, 1490, 1510, 1520, 1530, 1550, 1590, 1670, 12371]
                 avg          P99       P99.99         P100
Read          1.74ms       1.78ms       1.84ms       2.10ms
Write         1.28μs      1.61μs     12.37μs     12.37μs

=== bench_out6.dat ===
Ops: 20000  Time: 8.64s  Throughput: 2315.25 ops/sec
Dirty reads: 9936 / 9936 (100.000%)
  Dirty read avg latency: 1.74ms
read_lats: vec100: [621765, 1668171, 1701172, 1706182, 1709422, 1711702, 1713312, 1714452, 1715842, 1716872, 1717942, 1718772, 1719582, 1720323, 1721062, 1721712, 1722283, 1722842, 1723373, 1723963, 1724443, 1724922, 1725412, 1725972, 1726442, 1727043, 1727492, 1727872, 1728442, 1728923, 1729393, 1729853, 1730403, 1730863, 1731312, 1731773, 1732182, 1732652, 1733112, 1733503, 1733993, 1734452, 1734843, 1735173, 1735632, 1735973, 1736413, 1736842, 1737192, 1737553, 1737993, 1738362, 1738742, 1739242, 1739652, 1740062, 1740453, 1740942, 1741343, 1741753, 1742203, 1742653, 1743183, 1743622, 1744083, 1744463, 1744923, 1745443, 1745964, 1746463, 1746973, 1747463, 1748013, 1748553, 1749093, 1749653, 1750123, 1750652, 1751263, 1751893, 1752563, 1753233, 1753833, 1754603, 1755273, 1756113, 1756884, 1757773, 1758613, 1759563, 1760544, 1761713, 1763033, 1764373, 1765673, 1767144, 1769154, 1771584, 1774994, 1779854, 1792205, 2110792]
write_lats: vec100: [1040, 1120, 1140, 1140, 1150, 1150, 1160, 1160, 1160, 1170, 1170, 1170, 1170, 1180, 1180, 1180, 1180, 1180, 1180, 1190, 1190, 1190, 1190, 1190, 1190, 1190, 1190, 1200, 1200, 1200, 1200, 1200, 1200, 1200, 1200, 1201, 1210, 1210, 1210, 1210, 1210, 1210, 1220, 1220, 1220, 1220, 1220, 1220, 1230, 1230, 1230, 1230, 1240, 1240, 1240, 1240, 1240, 1250, 1250, 1250, 1260, 1260, 1270, 1270, 1280, 1280, 1280, 1290, 1290, 1290, 1290, 1300, 1300, 1301, 1310, 1320, 1320, 1330, 1330, 1340, 1350, 1360, 1370, 1380, 1380, 1390, 1400, 1410, 1420, 1430, 1440, 1451, 1460, 1480, 1490, 1500, 1510, 1530, 1541, 1570, 1640, 12060]
                 avg          P99       P99.99         P100
Read          1.74ms       1.78ms       2.11ms       2.11ms
Write         1.27μs      1.60μs      4.83μs     12.06μs

=== bench_out7.dat ===
Ops: 20000  Time: 8.70s  Throughput: 2299.87 ops/sec
Dirty reads: 10008 / 10008 (100.000%)
  Dirty read avg latency: 1.74ms
read_lats: vec100: [618545, 1614890, 1698661, 1705092, 1708792, 1710803, 1712602, 1714112, 1715612, 1716772, 1717832, 1718642, 1719483, 1720252, 1720992, 1721783, 1722432, 1722993, 1723493, 1724092, 1724592, 1725092, 1725732, 1726262, 1726692, 1727132, 1727522, 1727983, 1728562, 1729023, 1729433, 1729822, 1730283, 1730792, 1731293, 1731762, 1732203, 1732643, 1733083, 1733533, 1733933, 1734353, 1734662, 1735102, 1735512, 1735863, 1736313, 1736733, 1737083, 1737473, 1737853, 1738273, 1738682, 1739082, 1739503, 1739943, 1740362, 1740933, 1741413, 1741763, 1742213, 1742683, 1743172, 1743593, 1744062, 1744513, 1744963, 1745423, 1745873, 1746413, 1746863, 1747273, 1747733, 1748253, 1748833, 1749363, 1749902, 1750433, 1751253, 1751854, 1752503, 1753104, 1753893, 1754663, 1755513, 1756233, 1757073, 1757923, 1758834, 1759974, 1761043, 1762213, 1763254, 1764483, 1765843, 1767764, 1769604, 1772204, 1775894, 1782134, 1807965, 2111692]
write_lats: vec100: [910, 1120, 1140, 1150, 1160, 1160, 1160, 1170, 1170, 1170, 1170, 1180, 1180, 1180, 1180, 1190, 1190, 1190, 1190, 1190, 1190, 1190, 1190, 1200, 1200, 1200, 1200, 1200, 1200, 1200, 1200, 1210, 1210, 1210, 1210, 1210, 1210, 1210, 1210, 1220, 1220, 1220, 1220, 1220, 1220, 1220, 1230, 1230, 1230, 1230, 1230, 1231, 1240, 1240, 1240, 1240, 1241, 1250, 1250, 1250, 1250, 1260, 1260, 1260, 1270, 1270, 1270, 1280, 1290, 1291, 1300, 1300, 1310, 1320, 1320, 1330, 1330, 1331, 1340, 1350, 1350, 1360, 1370, 1380, 1390, 1400, 1410, 1420, 1430, 1440, 1450, 1460, 1471, 1480, 1490, 1500, 1511, 1530, 1550, 1580, 1640, 14321]
                 avg          P99       P99.99         P100
Read          1.74ms       1.78ms       1.84ms       2.11ms
Write         1.28μs      1.63μs     14.32μs     14.32μs

=== bench_out8.dat ===
Ops: 20000  Time: 8.72s  Throughput: 2294.08 ops/sec
Dirty reads: 10040 / 10040 (100.000%)
  Dirty read avg latency: 1.74ms
read_lats: vec100: [650556, 1592529, 1693711, 1703722, 1707872, 1710212, 1712362, 1713773, 1715162, 1716422, 1717382, 1718312, 1719113, 1719862, 1720623, 1721342, 1722052, 1722602, 1723262, 1723793, 1724352, 1724872, 1725343, 1725983, 1726442, 1726913, 1727432, 1727832, 1728252, 1728693, 1729223, 1729712, 1730193, 1730642, 1731123, 1731582, 1732062, 1732463, 1732972, 1733442, 1733803, 1734203, 1734683, 1735042, 1735513, 1735903, 1736253, 1736703, 1737162, 1737583, 1737963, 1738403, 1738813, 1739193, 1739603, 1740013, 1740423, 1740763, 1741273, 1741753, 1742133, 1742563, 1743022, 1743443, 1743883, 1744323, 1744773, 1745183, 1745633, 1746223, 1746733, 1747193, 1747703, 1748193, 1748703, 1749153, 1749664, 1750263, 1750943, 1751503, 1752123, 1752884, 1753613, 1754333, 1754994, 1755793, 1756574, 1757323, 1758373, 1759523, 1760523, 1761603, 1762923, 1764083, 1765344, 1767034, 1769254, 1771803, 1774633, 1779884, 1790794, 2108772]
write_lats: vec100: [1000, 1110, 1130, 1140, 1150, 1150, 1151, 1160, 1160, 1160, 1170, 1170, 1170, 1170, 1180, 1180, 1180, 1180, 1180, 1190, 1190, 1190, 1190, 1190, 1190, 1190, 1190, 1190, 1190, 1200, 1200, 1200, 1200, 1200, 1200, 1200, 1200, 1210, 1210, 1210, 1210, 1210, 1210, 1210, 1211, 1220, 1220, 1220, 1220, 1220, 1230, 1230, 1230, 1230, 1230, 1240, 1240, 1240, 1240, 1250, 1250, 1250, 1260, 1260, 1270, 1280, 1280, 1280, 1290, 1290, 1290, 1300, 1300, 1300, 1310, 1310, 1320, 1320, 1330, 1330, 1340, 1350, 1350, 1370, 1380, 1390, 1400, 1410, 1420, 1430, 1440, 1450, 1461, 1480, 1490, 1500, 1510, 1530, 1550, 1580, 1650, 35011]
                 avg          P99       P99.99         P100
Read          1.74ms       1.78ms       1.85ms       2.11ms
Write         1.27μs      1.61μs     35.01μs     35.01μs

Average throughput across all outputs: 2298.68
Average read latency across all outputs: 1.74 us
Average write latency across all outputs: 1.28 us
