Date: 20260518_1807
YCSB workload: workloadb_64_medium

============= RepCXL configuration =============
processes = "0-8"
logger_cluster_size = 3
algorithm = "fmonster"
pipeline = false
round_time = 10 
read_retries = 0
core_affinity = "20-120" 
============= Benchmark Results =============

=== bench_out0.dat ===
Monster: conflicts=0, sync_failures=301155, empty_requests=0, try_overtime=100385, check_overtime=100385, replicate_overtime=100385
Ops: 2010000  Time: 4.25s  Throughput: 473341.11 ops/sec
Dirty reads: 535 / 1909615 (0.028%)
  Dirty read avg latency: 1.04ms
read_lats: vec100: [940, 1360, 1360, 1360, 1360, 1360, 1370, 1370, 1370, 1370, 1370, 1370, 1370, 1370, 1370, 1370, 1370, 1370, 1370, 1370, 1370, 1370, 1370, 1370, 1370, 1370, 1370, 1370, 1371, 1380, 1380, 1380, 1380, 1380, 1380, 1380, 1380, 1380, 1380, 1380, 1380, 1380, 1380, 1380, 1380, 1380, 1380, 1380, 1390, 1390, 1390, 1390, 1390, 1390, 1390, 1390, 1390, 1400, 1400, 1400, 1400, 1410, 1410, 1420, 1420, 1430, 1440, 1440, 1450, 1460, 1461, 1470, 1480, 1490, 1500, 1500, 1510, 1520, 1530, 1540, 1540, 1550, 1560, 1570, 1580, 1590, 1590, 1600, 1610, 1620, 1630, 1640, 1650, 1660, 1680, 1700, 1720, 1730, 1750, 1801, 1828606, 2644665]
write_lats: vec100: [3550, 3950, 3971, 3990, 4000, 4020, 4030, 4050, 4060, 4070, 4071, 4080, 4090, 4100, 4100, 4110, 4110, 4120, 4120, 4130, 4130, 4140, 4140, 4141, 4150, 4150, 4151, 4160, 4160, 4160, 4170, 4170, 4170, 4171, 4180, 4180, 4180, 4190, 4190, 4190, 4191, 4200, 4200, 4200, 4210, 4210, 4210, 4220, 4220, 4221, 4230, 4230, 4240, 4240, 4250, 4250, 4251, 4260, 4260, 4270, 4270, 4280, 4280, 4290, 4290, 4300, 4301, 4310, 4320, 4321, 4330, 4340, 4350, 4350, 4360, 4370, 4380, 4390, 4391, 4400, 4410, 4420, 4430, 4440, 4450, 4460, 4470, 4490, 4500, 4510, 4521, 4540, 4560, 4580, 4600, 4621, 4660, 4700, 4760, 4880, 7501, 25150]
                 avg          P99       P99.99         P100
Read         1.74μs      1.81μs       1.34ms       2.64ms
Write         4.28μs      4.89μs      9.56μs     25.15μs

=== bench_out1.dat ===
Monster: conflicts=32, sync_failures=301651, empty_requests=0, try_overtime=100561, check_overtime=100561, replicate_overtime=100529
Ops: 2010000  Time: 3.97s  Throughput: 506767.78 ops/sec
Dirty reads: 528 / 1909455 (0.028%)
  Dirty read avg latency: 1.01ms
read_lats: vec100: [941, 1360, 1360, 1360, 1370, 1370, 1370, 1370, 1370, 1370, 1370, 1370, 1370, 1370, 1370, 1370, 1370, 1370, 1370, 1370, 1370, 1370, 1370, 1370, 1370, 1370, 1370, 1371, 1380, 1380, 1380, 1380, 1380, 1380, 1380, 1380, 1380, 1380, 1380, 1380, 1380, 1380, 1380, 1380, 1380, 1380, 1380, 1381, 1390, 1390, 1390, 1390, 1390, 1390, 1390, 1390, 1390, 1400, 1400, 1400, 1400, 1410, 1410, 1420, 1420, 1430, 1440, 1440, 1450, 1460, 1470, 1470, 1480, 1490, 1500, 1500, 1510, 1520, 1530, 1540, 1550, 1550, 1560, 1570, 1580, 1590, 1591, 1600, 1610, 1620, 1630, 1640, 1650, 1660, 1680, 1700, 1720, 1730, 1750, 1810, 1709242, 5118197]
write_lats: vec100: [3700, 3980, 4020, 4040, 4051, 4060, 4070, 4080, 4090, 4090, 4100, 4101, 4110, 4111, 4120, 4121, 4130, 4130, 4140, 4140, 4140, 4150, 4150, 4150, 4160, 4160, 4160, 4161, 4170, 4170, 4170, 4171, 4180, 4180, 4180, 4181, 4190, 4190, 4190, 4191, 4200, 4200, 4200, 4210, 4210, 4210, 4220, 4220, 4230, 4230, 4230, 4240, 4240, 4250, 4250, 4251, 4260, 4260, 4270, 4270, 4280, 4280, 4290, 4290, 4300, 4300, 4310, 4320, 4320, 4330, 4340, 4340, 4350, 4360, 4370, 4371, 4380, 4390, 4400, 4410, 4420, 4430, 4440, 4441, 4451, 4461, 4480, 4490, 4500, 4510, 4521, 4540, 4560, 4580, 4600, 4630, 4660, 4700, 4770, 4890, 8531, 22070]
                 avg          P99       P99.99         P100
Read         1.73μs      1.81μs       1.32ms       5.12ms
Write         4.29μs      4.90μs     10.62μs     22.07μs

=== bench_out2.dat ===
Monster: conflicts=53, sync_failures=301771, empty_requests=0, try_overtime=100608, check_overtime=100608, replicate_overtime=100555
Ops: 2010000  Time: 4.02s  Throughput: 500144.74 ops/sec
Dirty reads: 565 / 1909423 (0.030%)
  Dirty read avg latency: 1.04ms
read_lats: vec100: [940, 1360, 1360, 1370, 1370, 1370, 1370, 1370, 1370, 1370, 1370, 1370, 1370, 1370, 1370, 1370, 1370, 1370, 1370, 1370, 1370, 1370, 1370, 1371, 1380, 1380, 1380, 1380, 1380, 1380, 1380, 1380, 1380, 1380, 1380, 1380, 1380, 1380, 1380, 1380, 1380, 1380, 1380, 1380, 1380, 1381, 1390, 1390, 1390, 1390, 1390, 1390, 1390, 1390, 1390, 1390, 1400, 1400, 1400, 1400, 1410, 1410, 1411, 1420, 1430, 1430, 1440, 1450, 1450, 1460, 1470, 1480, 1480, 1490, 1500, 1510, 1510, 1520, 1530, 1540, 1550, 1560, 1560, 1570, 1580, 1590, 1600, 1610, 1610, 1620, 1631, 1650, 1660, 1670, 1680, 1700, 1720, 1730, 1750, 1810, 1800245, 9543887]
write_lats: vec100: [3670, 3980, 4020, 4040, 4060, 4070, 4080, 4090, 4090, 4100, 4110, 4110, 4120, 4120, 4130, 4130, 4140, 4140, 4141, 4150, 4150, 4160, 4160, 4160, 4161, 4170, 4170, 4170, 4180, 4180, 4180, 4180, 4190, 4190, 4190, 4190, 4200, 4200, 4200, 4200, 4210, 4210, 4210, 4220, 4220, 4220, 4230, 4230, 4240, 4240, 4241, 4250, 4250, 4260, 4260, 4270, 4270, 4271, 4280, 4280, 4290, 4290, 4300, 4301, 4310, 4320, 4320, 4330, 4340, 4340, 4350, 4360, 4360, 4370, 4380, 4390, 4391, 4400, 4410, 4420, 4430, 4440, 4441, 4451, 4461, 4471, 4481, 4500, 4510, 4520, 4531, 4550, 4570, 4590, 4610, 4640, 4670, 4720, 4780, 4900, 7781, 34771]
                 avg          P99       P99.99         P100
Read         1.76μs      1.81μs       1.32ms       9.54ms
Write         4.30μs      4.92μs     11.79μs     34.77μs

=== bench_out3.dat ===
Monster: conflicts=96, sync_failures=302937, empty_requests=0, try_overtime=101011, check_overtime=101011, replicate_overtime=100915
Ops: 2010000  Time: 3.90s  Throughput: 515257.48 ops/sec
Dirty reads: 521 / 1909050 (0.027%)
  Dirty read avg latency: 1.05ms
read_lats: vec100: [960, 1360, 1360, 1370, 1370, 1370, 1370, 1370, 1370, 1370, 1370, 1370, 1370, 1370, 1370, 1370, 1370, 1370, 1370, 1370, 1370, 1370, 1370, 1370, 1380, 1380, 1380, 1380, 1380, 1380, 1380, 1380, 1380, 1380, 1380, 1380, 1380, 1380, 1380, 1380, 1380, 1380, 1380, 1380, 1380, 1381, 1390, 1390, 1390, 1390, 1390, 1390, 1390, 1390, 1390, 1390, 1400, 1400, 1400, 1400, 1410, 1410, 1411, 1420, 1430, 1430, 1440, 1450, 1450, 1460, 1470, 1480, 1480, 1490, 1500, 1510, 1520, 1520, 1530, 1540, 1550, 1560, 1560, 1570, 1580, 1590, 1600, 1610, 1620, 1630, 1640, 1650, 1660, 1670, 1680, 1700, 1720, 1730, 1750, 1810, 1729073, 4438281]
write_lats: vec100: [3530, 3980, 4020, 4040, 4060, 4070, 4071, 4080, 4090, 4091, 4100, 4110, 4110, 4120, 4120, 4130, 4130, 4131, 4140, 4140, 4150, 4150, 4150, 4160, 4160, 4160, 4160, 4170, 4170, 4170, 4170, 4171, 4180, 4180, 4180, 4180, 4190, 4190, 4190, 4190, 4200, 4200, 4200, 4201, 4210, 4210, 4220, 4220, 4230, 4230, 4231, 4240, 4240, 4250, 4250, 4260, 4260, 4260, 4270, 4270, 4280, 4280, 4290, 4290, 4300, 4301, 4310, 4320, 4321, 4330, 4340, 4350, 4350, 4360, 4370, 4380, 4381, 4390, 4400, 4410, 4420, 4430, 4440, 4450, 4460, 4470, 4480, 4490, 4500, 4510, 4530, 4540, 4560, 4580, 4601, 4630, 4661, 4710, 4770, 4890, 9380, 2776828]
                 avg          P99       P99.99         P100
Read         1.74μs      1.81μs       1.29ms       4.44ms
Write         4.32μs      4.90μs     11.08μs       2.78ms

=== bench_out4.dat ===
Monster: conflicts=138, sync_failures=301131, empty_requests=0, try_overtime=100423, check_overtime=100423, replicate_overtime=100285
Ops: 2010000  Time: 3.89s  Throughput: 516841.52 ops/sec
Dirty reads: 533 / 1909672 (0.028%)
  Dirty read avg latency: 1.05ms
read_lats: vec100: [940, 1350, 1350, 1360, 1360, 1360, 1360, 1360, 1360, 1360, 1360, 1360, 1360, 1360, 1360, 1360, 1360, 1360, 1360, 1360, 1360, 1360, 1360, 1361, 1370, 1370, 1370, 1370, 1370, 1370, 1370, 1370, 1370, 1370, 1370, 1370, 1370, 1370, 1370, 1370, 1370, 1370, 1370, 1370, 1370, 1371, 1380, 1380, 1380, 1380, 1380, 1380, 1380, 1380, 1380, 1380, 1390, 1390, 1390, 1390, 1400, 1400, 1410, 1410, 1420, 1420, 1430, 1440, 1440, 1450, 1460, 1470, 1470, 1480, 1490, 1500, 1510, 1510, 1520, 1530, 1540, 1550, 1560, 1570, 1570, 1580, 1590, 1600, 1610, 1611, 1620, 1630, 1640, 1650, 1670, 1690, 1710, 1720, 1750, 1810, 1690862, 5150928]
write_lats: vec100: [3520, 3950, 3990, 4010, 4030, 4040, 4050, 4060, 4060, 4070, 4080, 4080, 4090, 4090, 4091, 4100, 4100, 4110, 4110, 4111, 4120, 4120, 4121, 4130, 4130, 4130, 4140, 4140, 4140, 4150, 4150, 4150, 4151, 4160, 4160, 4160, 4170, 4170, 4170, 4180, 4180, 4180, 4190, 4190, 4190, 4200, 4200, 4200, 4210, 4210, 4211, 4220, 4220, 4230, 4230, 4240, 4240, 4250, 4250, 4260, 4260, 4270, 4270, 4280, 4280, 4290, 4290, 4300, 4310, 4310, 4320, 4330, 4330, 4340, 4350, 4360, 4360, 4370, 4380, 4390, 4400, 4410, 4420, 4430, 4440, 4450, 4460, 4470, 4480, 4491, 4510, 4530, 4541, 4561, 4590, 4620, 4650, 4700, 4761, 4910, 9710, 35361]
                 avg          P99       P99.99         P100
Read         1.74μs      1.81μs       1.35ms       5.15ms
Write         4.27μs      4.92μs     10.28μs     35.36μs

=== bench_out5.dat ===
Monster: conflicts=140, sync_failures=300682, empty_requests=0, try_overtime=100274, check_overtime=100274, replicate_overtime=100134
Ops: 2010000  Time: 3.81s  Throughput: 527202.28 ops/sec
Dirty reads: 497 / 1909821 (0.026%)
  Dirty read avg latency: 985.36μs
read_lats: vec100: [960, 1350, 1350, 1360, 1360, 1360, 1360, 1360, 1360, 1360, 1360, 1360, 1360, 1360, 1360, 1360, 1360, 1360, 1360, 1360, 1360, 1360, 1360, 1361, 1370, 1370, 1370, 1370, 1370, 1370, 1370, 1370, 1370, 1370, 1370, 1370, 1370, 1370, 1370, 1370, 1370, 1370, 1370, 1370, 1370, 1371, 1380, 1380, 1380, 1380, 1380, 1380, 1380, 1380, 1380, 1380, 1390, 1390, 1390, 1390, 1400, 1400, 1410, 1410, 1420, 1420, 1430, 1440, 1440, 1450, 1460, 1470, 1470, 1480, 1490, 1500, 1510, 1510, 1520, 1530, 1540, 1550, 1560, 1570, 1570, 1580, 1590, 1600, 1610, 1611, 1620, 1630, 1640, 1650, 1670, 1690, 1710, 1720, 1750, 1800, 1807815, 9880515]
write_lats: vec100: [3530, 3950, 3990, 4020, 4030, 4040, 4050, 4060, 4070, 4070, 4080, 4080, 4090, 4090, 4100, 4100, 4101, 4110, 4110, 4120, 4120, 4120, 4130, 4130, 4130, 4131, 4140, 4140, 4140, 4150, 4150, 4150, 4151, 4160, 4160, 4160, 4170, 4170, 4170, 4180, 4180, 4180, 4190, 4190, 4190, 4200, 4200, 4200, 4210, 4210, 4211, 4220, 4220, 4230, 4230, 4240, 4240, 4250, 4250, 4251, 4260, 4261, 4270, 4271, 4280, 4290, 4290, 4300, 4310, 4310, 4320, 4330, 4330, 4340, 4350, 4360, 4360, 4370, 4380, 4390, 4400, 4410, 4420, 4430, 4440, 4450, 4460, 4470, 4480, 4490, 4510, 4521, 4540, 4560, 4590, 4620, 4650, 4690, 4751, 4880, 8890, 2717867]
                 avg          P99       P99.99         P100
Read         1.70μs      1.80μs       1.21ms       9.88ms
Write         4.30μs      4.90μs     10.46μs       2.72ms

=== bench_out6.dat ===
Monster: conflicts=200, sync_failures=299866, empty_requests=0, try_overtime=100022, check_overtime=100022, replicate_overtime=99822
Ops: 2010000  Time: 3.89s  Throughput: 516824.16 ops/sec
Dirty reads: 544 / 1910126 (0.028%)
  Dirty read avg latency: 1.04ms
read_lats: vec100: [930, 1350, 1360, 1360, 1360, 1360, 1360, 1360, 1360, 1360, 1360, 1360, 1360, 1360, 1360, 1360, 1360, 1370, 1370, 1370, 1370, 1370, 1370, 1370, 1370, 1370, 1370, 1370, 1370, 1370, 1370, 1370, 1370, 1370, 1370, 1370, 1370, 1370, 1370, 1370, 1370, 1380, 1380, 1380, 1380, 1380, 1380, 1380, 1380, 1380, 1380, 1380, 1380, 1380, 1390, 1390, 1390, 1390, 1390, 1400, 1400, 1400, 1410, 1410, 1420, 1430, 1430, 1440, 1450, 1450, 1460, 1470, 1480, 1490, 1490, 1500, 1510, 1520, 1530, 1540, 1540, 1550, 1560, 1570, 1580, 1580, 1590, 1600, 1610, 1620, 1630, 1640, 1650, 1660, 1670, 1700, 1710, 1730, 1750, 1820, 1773054, 10762228]
write_lats: vec100: [3560, 3950, 3990, 4020, 4030, 4040, 4050, 4060, 4070, 4070, 4080, 4080, 4090, 4090, 4100, 4100, 4110, 4110, 4110, 4120, 4120, 4121, 4130, 4130, 4131, 4140, 4140, 4140, 4150, 4150, 4150, 4151, 4160, 4160, 4160, 4170, 4170, 4170, 4180, 4180, 4180, 4190, 4190, 4190, 4191, 4200, 4200, 4210, 4210, 4210, 4220, 4220, 4230, 4230, 4240, 4240, 4241, 4250, 4251, 4260, 4260, 4270, 4271, 4280, 4281, 4290, 4300, 4300, 4310, 4320, 4320, 4330, 4340, 4341, 4350, 4360, 4370, 4380, 4390, 4391, 4400, 4410, 4420, 4430, 4440, 4450, 4460, 4480, 4490, 4500, 4520, 4530, 4550, 4570, 4600, 4630, 4660, 4710, 4780, 4930, 9310, 33860]
                 avg          P99       P99.99         P100
Read         1.74μs      1.82μs       1.29ms      10.76ms
Write         4.28μs      4.95μs     10.92μs     33.86μs

=== bench_out7.dat ===
Monster: conflicts=247, sync_failures=300866, empty_requests=0, try_overtime=100371, check_overtime=100371, replicate_overtime=100124
Ops: 2010000  Time: 3.86s  Throughput: 520378.23 ops/sec
Dirty reads: 536 / 1909815 (0.028%)
  Dirty read avg latency: 1.00ms
read_lats: vec100: [950, 1350, 1360, 1360, 1360, 1360, 1360, 1360, 1360, 1360, 1360, 1360, 1360, 1360, 1360, 1360, 1360, 1370, 1370, 1370, 1370, 1370, 1370, 1370, 1370, 1370, 1370, 1370, 1370, 1370, 1370, 1370, 1370, 1370, 1370, 1370, 1370, 1370, 1370, 1370, 1370, 1371, 1380, 1380, 1380, 1380, 1380, 1380, 1380, 1380, 1380, 1380, 1380, 1380, 1390, 1390, 1390, 1390, 1390, 1400, 1400, 1400, 1410, 1410, 1420, 1430, 1430, 1440, 1450, 1450, 1460, 1470, 1480, 1480, 1490, 1500, 1510, 1520, 1530, 1530, 1540, 1550, 1560, 1570, 1580, 1580, 1590, 1600, 1610, 1620, 1630, 1640, 1650, 1660, 1670, 1690, 1710, 1720, 1750, 1800, 1818885, 10590163]
write_lats: vec100: [3710, 3950, 4000, 4020, 4030, 4040, 4050, 4060, 4070, 4071, 4080, 4081, 4090, 4091, 4100, 4100, 4110, 4110, 4111, 4120, 4120, 4130, 4130, 4130, 4131, 4140, 4140, 4140, 4150, 4150, 4150, 4151, 4160, 4160, 4160, 4170, 4170, 4170, 4180, 4180, 4180, 4181, 4190, 4190, 4191, 4200, 4200, 4201, 4210, 4210, 4220, 4220, 4230, 4230, 4231, 4240, 4240, 4250, 4250, 4260, 4260, 4270, 4270, 4280, 4280, 4290, 4291, 4300, 4310, 4310, 4320, 4330, 4330, 4340, 4350, 4360, 4361, 4370, 4380, 4390, 4400, 4410, 4420, 4430, 4440, 4450, 4460, 4470, 4480, 4491, 4510, 4530, 4541, 4561, 4590, 4620, 4650, 4700, 4760, 4890, 9241, 34361]
                 avg          P99       P99.99         P100
Read         1.73μs      1.80μs       1.30ms      10.59ms
Write         4.28μs      4.92μs     12.56μs     34.36μs

=== bench_out8.dat ===
Monster: conflicts=325, sync_failures=301898, empty_requests=0, try_overtime=100741, check_overtime=100741, replicate_overtime=100416
Ops: 2010000  Time: 3.87s  Throughput: 519020.35 ops/sec
Dirty reads: 519 / 1909508 (0.027%)
  Dirty read avg latency: 1.03ms
read_lats: vec100: [940, 1350, 1360, 1360, 1360, 1360, 1360, 1360, 1360, 1360, 1360, 1360, 1370, 1370, 1370, 1370, 1370, 1370, 1370, 1370, 1370, 1370, 1370, 1370, 1370, 1370, 1370, 1370, 1370, 1370, 1370, 1370, 1370, 1370, 1370, 1370, 1371, 1380, 1380, 1380, 1380, 1380, 1380, 1380, 1380, 1380, 1380, 1380, 1380, 1380, 1380, 1380, 1390, 1390, 1390, 1390, 1390, 1390, 1391, 1400, 1400, 1410, 1410, 1420, 1420, 1430, 1430, 1440, 1450, 1460, 1460, 1470, 1480, 1490, 1490, 1500, 1510, 1520, 1530, 1540, 1540, 1550, 1560, 1570, 1580, 1590, 1590, 1600, 1610, 1620, 1630, 1640, 1650, 1660, 1670, 1700, 1710, 1730, 1750, 1801, 1945678, 3699882]
write_lats: vec100: [3670, 3970, 4001, 4030, 4040, 4050, 4060, 4070, 4070, 4080, 4090, 4090, 4090, 4100, 4100, 4110, 4110, 4110, 4120, 4120, 4121, 4130, 4130, 4130, 4140, 4140, 4140, 4141, 4150, 4150, 4150, 4160, 4160, 4160, 4161, 4170, 4170, 4170, 4180, 4180, 4180, 4181, 4190, 4190, 4191, 4200, 4200, 4210, 4210, 4211, 4220, 4220, 4230, 4230, 4240, 4240, 4250, 4250, 4251, 4260, 4261, 4270, 4271, 4280, 4290, 4290, 4300, 4301, 4310, 4320, 4320, 4330, 4340, 4350, 4350, 4360, 4370, 4380, 4381, 4390, 4400, 4410, 4420, 4430, 4440, 4450, 4460, 4470, 4490, 4500, 4510, 4530, 4550, 4570, 4590, 4620, 4650, 4700, 4770, 4910, 9340, 34731]
                 avg          P99       P99.99         P100
Read         1.73μs      1.80μs       1.30ms       3.70ms
Write         4.28μs      4.94μs     10.83μs     34.73μs

Average throughput across all outputs: 510641.11
Average read latency across all outputs: 1.73 us
Average write latency across all outputs: 4.29 us
