Date: 20260518_1808
YCSB workload: workloadb_64_medium

============= RepCXL configuration =============
processes = "0-8"
logger_cluster_size = 3
algorithm = "fmonster"
pipeline = false
round_time = 1800 
read_retries = 0
core_affinity = "20-120" 
============= Benchmark Results =============

=== bench_out0.dat ===
Monster: conflicts=0, sync_failures=1233, empty_requests=0, try_overtime=81, check_overtime=46, replicate_overtime=1106
Ops: 2010000  Time: 4.57s  Throughput: 439370.02 ops/sec
Dirty reads: 594 / 1909615 (0.031%)
  Dirty read avg latency: 1.06ms
read_lats: vec100: [960, 1360, 1360, 1360, 1360, 1370, 1370, 1370, 1370, 1370, 1370, 1370, 1370, 1370, 1370, 1370, 1370, 1370, 1370, 1370, 1370, 1370, 1370, 1370, 1370, 1370, 1370, 1370, 1370, 1371, 1380, 1380, 1380, 1380, 1380, 1380, 1380, 1380, 1380, 1380, 1380, 1380, 1380, 1380, 1380, 1380, 1380, 1380, 1380, 1390, 1390, 1390, 1390, 1390, 1390, 1390, 1390, 1390, 1400, 1400, 1400, 1401, 1410, 1410, 1420, 1430, 1430, 1440, 1450, 1450, 1460, 1470, 1480, 1481, 1490, 1500, 1510, 1520, 1521, 1530, 1540, 1550, 1560, 1570, 1570, 1580, 1590, 1600, 1610, 1620, 1630, 1640, 1650, 1660, 1670, 1690, 1720, 1730, 1740, 1800, 1826745, 3010885]
write_lats: vec100: [5370, 5670, 5710, 5740, 5770, 5790, 5820, 5840, 5861, 5890, 5910, 5930, 5950, 5970, 5990, 6010, 6030, 6050, 6070, 6080, 6100, 6120, 6140, 6160, 6180, 6200, 6220, 6231, 6250, 6270, 6290, 6310, 6330, 6350, 6370, 6390, 6401, 6421, 6441, 6460, 6480, 6500, 6520, 6540, 6560, 6580, 6600, 6620, 6640, 6660, 6680, 6700, 6720, 6740, 6760, 6780, 6800, 6820, 6840, 6860, 6880, 6900, 6920, 6940, 6951, 6970, 6990, 7010, 7020, 7040, 7051, 7070, 7081, 7100, 7120, 7130, 7150, 7160, 7180, 7191, 7210, 7230, 7241, 7260, 7280, 7300, 7311, 7330, 7350, 7370, 7381, 7400, 7420, 7440, 7461, 7490, 7530, 7580, 7640, 7740, 10530, 26441]
                 avg          P99       P99.99         P100
Read         1.78μs      1.80μs       1.39ms       3.01ms
Write         6.67μs      7.75μs     13.21μs     26.44μs

=== bench_out1.dat ===
Monster: conflicts=52, sync_failures=1180, empty_requests=0, try_overtime=72, check_overtime=31, replicate_overtime=1077
Ops: 2010000  Time: 4.51s  Throughput: 445689.11 ops/sec
Dirty reads: 633 / 1909455 (0.033%)
  Dirty read avg latency: 1.04ms
read_lats: vec100: [950, 1360, 1360, 1360, 1360, 1361, 1370, 1370, 1370, 1370, 1370, 1370, 1370, 1370, 1370, 1370, 1370, 1370, 1370, 1370, 1370, 1370, 1370, 1370, 1370, 1370, 1370, 1370, 1370, 1371, 1380, 1380, 1380, 1380, 1380, 1380, 1380, 1380, 1380, 1380, 1380, 1380, 1380, 1380, 1380, 1380, 1380, 1380, 1380, 1381, 1390, 1390, 1390, 1390, 1390, 1390, 1390, 1390, 1400, 1400, 1400, 1400, 1410, 1410, 1420, 1420, 1430, 1440, 1440, 1450, 1460, 1470, 1480, 1480, 1490, 1500, 1510, 1520, 1520, 1530, 1540, 1550, 1560, 1560, 1570, 1580, 1590, 1600, 1610, 1620, 1630, 1640, 1650, 1660, 1670, 1690, 1710, 1721, 1740, 1790, 1732753, 6957873]
write_lats: vec100: [5300, 5670, 5710, 5740, 5770, 5800, 5820, 5850, 5870, 5890, 5910, 5930, 5950, 5970, 5990, 6010, 6030, 6050, 6070, 6090, 6101, 6120, 6140, 6160, 6180, 6200, 6220, 6240, 6260, 6280, 6291, 6310, 6330, 6350, 6370, 6390, 6410, 6430, 6450, 6470, 6481, 6500, 6520, 6540, 6560, 6581, 6600, 6620, 6640, 6660, 6680, 6700, 6720, 6740, 6760, 6780, 6800, 6820, 6840, 6860, 6880, 6900, 6911, 6930, 6950, 6970, 6990, 7001, 7020, 7040, 7050, 7070, 7080, 7100, 7110, 7130, 7150, 7160, 7180, 7190, 7210, 7230, 7241, 7260, 7280, 7300, 7311, 7330, 7350, 7370, 7381, 7400, 7420, 7441, 7470, 7490, 7530, 7580, 7640, 7741, 11941, 27020]
                 avg          P99       P99.99         P100
Read         1.80μs      1.79μs       1.41ms       6.96ms
Write         6.68μs      7.75μs     17.06μs     27.02μs

=== bench_out2.dat ===
Monster: conflicts=88, sync_failures=1222, empty_requests=0, try_overtime=67, check_overtime=47, replicate_overtime=1108
Ops: 2010000  Time: 4.52s  Throughput: 444714.96 ops/sec
Dirty reads: 631 / 1909423 (0.033%)
  Dirty read avg latency: 1.06ms
read_lats: vec100: [940, 1360, 1360, 1370, 1370, 1370, 1370, 1370, 1370, 1370, 1370, 1370, 1370, 1370, 1370, 1370, 1370, 1370, 1370, 1370, 1370, 1370, 1370, 1370, 1371, 1380, 1380, 1380, 1380, 1380, 1380, 1380, 1380, 1380, 1380, 1380, 1380, 1380, 1380, 1380, 1380, 1380, 1380, 1380, 1380, 1380, 1381, 1390, 1390, 1390, 1390, 1390, 1390, 1390, 1390, 1390, 1390, 1400, 1400, 1400, 1400, 1410, 1410, 1411, 1420, 1430, 1430, 1440, 1450, 1451, 1460, 1470, 1480, 1490, 1490, 1500, 1510, 1520, 1530, 1530, 1540, 1550, 1560, 1570, 1580, 1580, 1590, 1600, 1610, 1620, 1630, 1640, 1650, 1660, 1670, 1690, 1720, 1730, 1740, 1800, 1842555, 9130157]
write_lats: vec100: [5340, 5670, 5710, 5740, 5761, 5790, 5820, 5840, 5861, 5890, 5910, 5930, 5950, 5970, 5990, 6010, 6021, 6040, 6060, 6080, 6100, 6120, 6140, 6160, 6180, 6200, 6211, 6230, 6250, 6270, 6290, 6310, 6330, 6350, 6361, 6381, 6400, 6420, 6440, 6460, 6480, 6500, 6520, 6540, 6560, 6580, 6600, 6620, 6640, 6660, 6680, 6700, 6720, 6740, 6760, 6780, 6800, 6820, 6831, 6851, 6870, 6890, 6910, 6930, 6950, 6970, 6990, 7000, 7020, 7040, 7050, 7070, 7080, 7100, 7111, 7130, 7141, 7160, 7180, 7191, 7210, 7230, 7241, 7260, 7280, 7300, 7320, 7330, 7350, 7370, 7390, 7400, 7420, 7441, 7470, 7491, 7530, 7581, 7651, 7760, 11640, 138724]
                 avg          P99       P99.99         P100
Read         1.80μs      1.80μs       1.43ms       9.13ms
Write         6.68μs      7.77μs     19.47μs    138.72μs

=== bench_out3.dat ===
Monster: conflicts=136, sync_failures=1273, empty_requests=0, try_overtime=83, check_overtime=43, replicate_overtime=1147
Ops: 2010000  Time: 4.49s  Throughput: 447586.94 ops/sec
Dirty reads: 613 / 1909050 (0.032%)
  Dirty read avg latency: 1.07ms
read_lats: vec100: [940, 1360, 1360, 1370, 1370, 1370, 1370, 1370, 1370, 1370, 1370, 1370, 1370, 1370, 1370, 1370, 1370, 1370, 1370, 1370, 1370, 1370, 1370, 1370, 1371, 1380, 1380, 1380, 1380, 1380, 1380, 1380, 1380, 1380, 1380, 1380, 1380, 1380, 1380, 1380, 1380, 1380, 1380, 1380, 1380, 1380, 1381, 1390, 1390, 1390, 1390, 1390, 1390, 1390, 1390, 1390, 1390, 1400, 1400, 1400, 1400, 1410, 1410, 1420, 1420, 1430, 1430, 1440, 1450, 1460, 1460, 1470, 1480, 1490, 1490, 1500, 1510, 1520, 1530, 1530, 1540, 1550, 1560, 1570, 1580, 1580, 1590, 1600, 1610, 1620, 1630, 1640, 1650, 1660, 1671, 1691, 1720, 1730, 1740, 1800, 1767764, 6029640]
write_lats: vec100: [5440, 5671, 5710, 5740, 5770, 5790, 5820, 5840, 5870, 5890, 5910, 5930, 5950, 5970, 5990, 6010, 6030, 6050, 6070, 6081, 6100, 6120, 6140, 6160, 6180, 6200, 6220, 6240, 6260, 6280, 6300, 6320, 6331, 6350, 6370, 6390, 6410, 6430, 6450, 6470, 6490, 6510, 6530, 6550, 6570, 6581, 6601, 6621, 6641, 6670, 6681, 6710, 6721, 6741, 6761, 6781, 6801, 6821, 6840, 6860, 6880, 6900, 6920, 6940, 6951, 6970, 6990, 7010, 7021, 7040, 7051, 7070, 7090, 7100, 7120, 7130, 7150, 7160, 7180, 7200, 7210, 7230, 7250, 7261, 7280, 7300, 7320, 7340, 7350, 7370, 7390, 7410, 7421, 7450, 7470, 7500, 7531, 7590, 7660, 7770, 14750, 1438336]
                 avg          P99       P99.99         P100
Read         1.80μs      1.80μs       1.43ms       6.03ms
Write         6.70μs      7.78μs     16.88μs       1.44ms

=== bench_out4.dat ===
Monster: conflicts=203, sync_failures=1283, empty_requests=0, try_overtime=107, check_overtime=51, replicate_overtime=1125
Ops: 2010000  Time: 4.43s  Throughput: 453819.44 ops/sec
Dirty reads: 614 / 1909672 (0.032%)
  Dirty read avg latency: 1.02ms
read_lats: vec100: [950, 1350, 1350, 1360, 1360, 1360, 1360, 1360, 1360, 1360, 1360, 1360, 1360, 1360, 1360, 1360, 1360, 1360, 1360, 1360, 1360, 1360, 1360, 1361, 1370, 1370, 1370, 1370, 1370, 1370, 1370, 1370, 1370, 1370, 1370, 1370, 1370, 1370, 1370, 1370, 1370, 1370, 1370, 1370, 1370, 1371, 1380, 1380, 1380, 1380, 1380, 1380, 1380, 1380, 1380, 1380, 1381, 1390, 1390, 1390, 1390, 1400, 1400, 1410, 1410, 1420, 1430, 1430, 1440, 1450, 1450, 1460, 1470, 1480, 1490, 1490, 1500, 1510, 1520, 1530, 1540, 1541, 1550, 1560, 1570, 1580, 1590, 1590, 1600, 1610, 1620, 1630, 1640, 1650, 1660, 1681, 1710, 1720, 1740, 1800, 1669041, 7657060]
write_lats: vec100: [5360, 5670, 5700, 5730, 5760, 5781, 5810, 5831, 5860, 5880, 5900, 5920, 5940, 5960, 5980, 6000, 6020, 6040, 6060, 6080, 6091, 6111, 6130, 6150, 6170, 6190, 6210, 6230, 6250, 6270, 6290, 6310, 6330, 6350, 6370, 6381, 6401, 6420, 6440, 6460, 6480, 6500, 6520, 6540, 6560, 6580, 6600, 6620, 6640, 6660, 6680, 6700, 6720, 6740, 6760, 6780, 6800, 6820, 6840, 6851, 6870, 6890, 6910, 6930, 6950, 6970, 6980, 7000, 7020, 7031, 7050, 7061, 7080, 7100, 7110, 7130, 7140, 7160, 7170, 7190, 7210, 7220, 7240, 7260, 7270, 7290, 7310, 7330, 7340, 7360, 7380, 7400, 7420, 7440, 7460, 7490, 7530, 7581, 7660, 7780, 16141, 38071]
                 avg          P99       P99.99         P100
Read         1.77μs      1.80μs       1.36ms       7.66ms
Write         6.68μs      7.79μs     17.52μs     38.07μs

=== bench_out5.dat ===
Monster: conflicts=244, sync_failures=1249, empty_requests=0, try_overtime=76, check_overtime=41, replicate_overtime=1132
Ops: 2010000  Time: 4.39s  Throughput: 457682.09 ops/sec
Dirty reads: 614 / 1909821 (0.032%)
  Dirty read avg latency: 961.71μs
read_lats: vec100: [960, 1350, 1350, 1360, 1360, 1360, 1360, 1360, 1360, 1360, 1360, 1360, 1360, 1360, 1360, 1360, 1360, 1360, 1360, 1360, 1360, 1360, 1360, 1361, 1370, 1370, 1370, 1370, 1370, 1370, 1370, 1370, 1370, 1370, 1370, 1370, 1370, 1370, 1370, 1370, 1370, 1370, 1370, 1370, 1370, 1370, 1380, 1380, 1380, 1380, 1380, 1380, 1380, 1380, 1380, 1380, 1380, 1390, 1390, 1390, 1390, 1400, 1400, 1410, 1410, 1420, 1420, 1430, 1440, 1450, 1450, 1460, 1470, 1480, 1480, 1490, 1500, 1510, 1520, 1530, 1540, 1540, 1550, 1560, 1570, 1580, 1581, 1590, 1600, 1610, 1620, 1630, 1640, 1650, 1660, 1680, 1710, 1720, 1740, 1790, 1810465, 5993479]
write_lats: vec100: [5330, 5670, 5700, 5730, 5760, 5781, 5810, 5831, 5860, 5880, 5900, 5920, 5940, 5960, 5980, 6000, 6020, 6040, 6060, 6080, 6100, 6120, 6140, 6151, 6170, 6190, 6210, 6230, 6250, 6270, 6290, 6310, 6330, 6350, 6361, 6381, 6401, 6421, 6440, 6460, 6480, 6500, 6520, 6540, 6560, 6580, 6600, 6620, 6640, 6660, 6680, 6700, 6720, 6740, 6760, 6780, 6800, 6820, 6840, 6860, 6880, 6891, 6910, 6930, 6950, 6970, 6981, 7000, 7020, 7031, 7050, 7070, 7080, 7100, 7110, 7130, 7141, 7160, 7180, 7190, 7210, 7221, 7240, 7260, 7280, 7291, 7310, 7330, 7350, 7361, 7380, 7400, 7420, 7440, 7461, 7491, 7530, 7590, 7651, 7780, 15101, 30131]
                 avg          P99       P99.99         P100
Read         1.75μs      1.79μs       1.33ms       5.99ms
Write         6.68μs      7.80μs     16.97μs     30.13μs

=== bench_out6.dat ===
Monster: conflicts=309, sync_failures=1182, empty_requests=0, try_overtime=63, check_overtime=33, replicate_overtime=1086
Ops: 2010000  Time: 4.37s  Throughput: 460196.59 ops/sec
Dirty reads: 583 / 1910126 (0.031%)
  Dirty read avg latency: 1.01ms
read_lats: vec100: [930, 1350, 1360, 1360, 1360, 1360, 1360, 1360, 1360, 1360, 1360, 1360, 1360, 1360, 1360, 1360, 1360, 1360, 1370, 1370, 1370, 1370, 1370, 1370, 1370, 1370, 1370, 1370, 1370, 1370, 1370, 1370, 1370, 1370, 1370, 1370, 1370, 1370, 1370, 1370, 1370, 1370, 1371, 1380, 1380, 1380, 1380, 1380, 1380, 1380, 1380, 1380, 1380, 1380, 1380, 1381, 1390, 1390, 1390, 1390, 1391, 1400, 1400, 1410, 1410, 1420, 1430, 1430, 1440, 1450, 1451, 1460, 1470, 1480, 1490, 1491, 1500, 1510, 1520, 1530, 1540, 1550, 1550, 1560, 1570, 1580, 1590, 1590, 1600, 1610, 1620, 1630, 1640, 1650, 1660, 1680, 1710, 1720, 1740, 1790, 1769554, 10233275]
write_lats: vec100: [5340, 5670, 5710, 5740, 5760, 5790, 5810, 5831, 5860, 5880, 5900, 5920, 5940, 5960, 5980, 6000, 6020, 6040, 6060, 6080, 6090, 6110, 6130, 6150, 6170, 6190, 6210, 6230, 6250, 6270, 6290, 6310, 6321, 6340, 6360, 6380, 6400, 6420, 6440, 6460, 6480, 6500, 6520, 6540, 6560, 6571, 6600, 6620, 6640, 6660, 6680, 6700, 6720, 6740, 6760, 6780, 6791, 6811, 6831, 6851, 6870, 6890, 6910, 6930, 6950, 6970, 6980, 7000, 7020, 7030, 7050, 7070, 7080, 7100, 7110, 7130, 7141, 7160, 7180, 7190, 7210, 7221, 7240, 7260, 7280, 7300, 7311, 7330, 7350, 7370, 7380, 7400, 7420, 7440, 7461, 7490, 7531, 7590, 7660, 7780, 15460, 35831]
                 avg          P99       P99.99         P100
Read         1.75μs      1.79μs       1.33ms      10.23ms
Write         6.68μs      7.79μs     16.75μs     35.83μs

=== bench_out7.dat ===
Monster: conflicts=414, sync_failures=1252, empty_requests=0, try_overtime=74, check_overtime=48, replicate_overtime=1130
Ops: 2010000  Time: 4.42s  Throughput: 455096.30 ops/sec
Dirty reads: 639 / 1909815 (0.033%)
  Dirty read avg latency: 976.95μs
read_lats: vec100: [930, 1350, 1360, 1360, 1360, 1360, 1360, 1360, 1360, 1360, 1360, 1360, 1360, 1360, 1360, 1360, 1360, 1360, 1370, 1370, 1370, 1370, 1370, 1370, 1370, 1370, 1370, 1370, 1370, 1370, 1370, 1370, 1370, 1370, 1370, 1370, 1370, 1370, 1370, 1370, 1370, 1370, 1380, 1380, 1380, 1380, 1380, 1380, 1380, 1380, 1380, 1380, 1380, 1380, 1380, 1390, 1390, 1390, 1390, 1390, 1400, 1400, 1400, 1410, 1420, 1420, 1430, 1430, 1440, 1450, 1460, 1460, 1470, 1480, 1490, 1500, 1500, 1510, 1520, 1530, 1540, 1550, 1551, 1560, 1570, 1580, 1590, 1600, 1600, 1610, 1620, 1630, 1640, 1650, 1670, 1690, 1710, 1720, 1740, 1800, 1811045, 10545502]
write_lats: vec100: [5350, 5670, 5710, 5731, 5760, 5790, 5810, 5840, 5860, 5880, 5900, 5920, 5940, 5960, 5980, 6000, 6020, 6040, 6060, 6080, 6091, 6110, 6130, 6150, 6170, 6190, 6210, 6230, 6250, 6270, 6290, 6310, 6321, 6340, 6360, 6380, 6400, 6420, 6440, 6460, 6480, 6500, 6520, 6540, 6551, 6580, 6600, 6620, 6640, 6660, 6680, 6700, 6720, 6740, 6760, 6780, 6800, 6820, 6840, 6851, 6871, 6890, 6910, 6930, 6950, 6970, 6990, 7000, 7020, 7040, 7050, 7070, 7080, 7100, 7110, 7130, 7140, 7160, 7171, 7190, 7210, 7221, 7240, 7260, 7271, 7290, 7310, 7330, 7350, 7360, 7380, 7400, 7420, 7440, 7461, 7490, 7531, 7590, 7661, 7820, 15690, 30231]
                 avg          P99       P99.99         P100
Read         1.77μs      1.80μs       1.33ms      10.55ms
Write         6.69μs      7.84μs     16.75μs     30.23μs

=== bench_out8.dat ===
Monster: conflicts=574, sync_failures=1186, empty_requests=0, try_overtime=67, check_overtime=48, replicate_overtime=1071
Ops: 2010000  Time: 4.41s  Throughput: 455728.83 ops/sec
Dirty reads: 604 / 1909508 (0.032%)
  Dirty read avg latency: 982.58μs
read_lats: vec100: [950, 1360, 1360, 1360, 1360, 1360, 1360, 1360, 1360, 1360, 1360, 1360, 1370, 1370, 1370, 1370, 1370, 1370, 1370, 1370, 1370, 1370, 1370, 1370, 1370, 1370, 1370, 1370, 1370, 1370, 1370, 1370, 1370, 1370, 1370, 1370, 1370, 1371, 1380, 1380, 1380, 1380, 1380, 1380, 1380, 1380, 1380, 1380, 1380, 1380, 1380, 1380, 1380, 1390, 1390, 1390, 1390, 1390, 1390, 1391, 1400, 1400, 1410, 1410, 1420, 1420, 1430, 1440, 1440, 1450, 1460, 1470, 1470, 1480, 1490, 1500, 1510, 1510, 1520, 1530, 1540, 1550, 1560, 1560, 1570, 1580, 1590, 1600, 1610, 1620, 1630, 1640, 1650, 1660, 1670, 1690, 1710, 1720, 1740, 1800, 1839396, 1960949]
write_lats: vec100: [5420, 5670, 5701, 5730, 5760, 5790, 5810, 5831, 5860, 5880, 5900, 5920, 5940, 5960, 5980, 6000, 6020, 6040, 6050, 6070, 6090, 6110, 6130, 6150, 6170, 6190, 6210, 6230, 6250, 6261, 6281, 6300, 6320, 6340, 6360, 6380, 6400, 6420, 6440, 6460, 6480, 6491, 6511, 6530, 6551, 6571, 6591, 6620, 6640, 6660, 6680, 6700, 6720, 6740, 6760, 6780, 6800, 6820, 6840, 6860, 6880, 6891, 6910, 6930, 6950, 6970, 6990, 7001, 7020, 7040, 7050, 7070, 7081, 7100, 7120, 7130, 7150, 7160, 7180, 7191, 7210, 7230, 7241, 7261, 7280, 7300, 7320, 7330, 7350, 7370, 7390, 7401, 7420, 7441, 7470, 7500, 7550, 7600, 7690, 7881, 15980, 1451666]
                 avg          P99       P99.99         P100
Read         1.76μs      1.80μs       1.36ms       1.96ms
Write         6.71μs      7.93μs     19.60μs       1.45ms

Average throughput across all outputs: 451098.89
Average read latency across all outputs: 1.78 us
Average write latency across all outputs: 6.69 us
