Date: 20260602_1153
YCSB workload: workloada_64_single

============= RepCXL configuration =============
processes = "0-8"
logger_cluster_size = 3
algorithm = "async_best_effort"
pipeline = false
round_time = 1500 
read_retries = 1
core_affinity = "20-120" 
============= Benchmark Results =============

=== bench_out0.dat ===
Ops: 2010000  Time: 33.35s  Throughput: 60270.72 ops/sec
Dirty reads: 18394 / 1005553 (1.829%)
  Dirty read avg latency: 1.64ms
read_lats: vec100: [910, 1240, 1360, 1370, 1370, 1380, 1380, 1380, 1380, 1380, 1380, 1380, 1380, 1380, 1380, 1380, 1380, 1380, 1380, 1380, 1380, 1380, 1380, 1380, 1380, 1380, 1380, 1380, 1380, 1380, 1380, 1380, 1380, 1380, 1380, 1380, 1380, 1380, 1380, 1380, 1380, 1380, 1381, 1381, 1390, 1390, 1390, 1390, 1390, 1390, 1390, 1390, 1390, 1390, 1390, 1390, 1390, 1390, 1390, 1391, 1400, 1400, 1400, 1400, 1410, 1420, 1430, 1441, 1460, 1470, 1480, 1490, 1510, 1520, 1530, 1540, 1550, 1551, 1560, 1570, 1580, 1590, 1591, 1600, 1620, 1630, 1640, 1650, 1660, 1670, 1690, 1720, 1740, 1830, 2020, 2420, 3011, 3810, 5370, 1677541, 1795805, 9736871]
write_lats: vec100: [850, 1090, 1090, 1100, 1100, 1100, 1110, 1110, 1110, 1110, 1110, 1110, 1110, 1110, 1110, 1110, 1110, 1110, 1110, 1110, 1120, 1120, 1120, 1120, 1120, 1120, 1120, 1120, 1120, 1120, 1120, 1120, 1120, 1120, 1120, 1120, 1121, 1130, 1150, 1170, 1170, 1180, 1180, 1190, 1190, 1190, 1190, 1190, 1190, 1190, 1190, 1190, 1190, 1191, 1200, 1200, 1200, 1200, 1200, 1200, 1200, 1200, 1200, 1200, 1200, 1200, 1200, 1200, 1200, 1201, 1210, 1210, 1220, 1220, 1220, 1230, 1240, 1250, 1260, 1280, 1300, 1310, 1330, 1340, 1360, 1381, 1410, 1440, 1460, 1480, 1490, 1530, 1550, 1620, 1700, 1800, 1900, 2040, 2210, 2500, 5520, 15460]
                 avg          P99       P99.99         P100
Read        31.52μs       1.68ms       1.78ms       9.74ms
Write         1.26μs      2.50μs      4.92μs     15.46μs

=== bench_out1.dat ===
Ops: 2010000  Time: 33.08s  Throughput: 60757.11 ops/sec
Dirty reads: 18221 / 1005610 (1.812%)
  Dirty read avg latency: 1.64ms
read_lats: vec100: [920, 1240, 1370, 1370, 1380, 1380, 1380, 1380, 1380, 1380, 1380, 1380, 1380, 1380, 1380, 1380, 1380, 1380, 1380, 1380, 1380, 1380, 1380, 1380, 1380, 1380, 1380, 1380, 1380, 1380, 1380, 1380, 1380, 1380, 1380, 1380, 1380, 1380, 1380, 1380, 1380, 1380, 1381, 1390, 1390, 1390, 1390, 1390, 1390, 1390, 1390, 1390, 1390, 1390, 1390, 1390, 1390, 1390, 1390, 1390, 1400, 1400, 1400, 1400, 1410, 1410, 1430, 1440, 1450, 1470, 1480, 1490, 1500, 1520, 1530, 1540, 1550, 1550, 1560, 1570, 1580, 1590, 1600, 1610, 1620, 1630, 1640, 1650, 1660, 1670, 1690, 1720, 1740, 1820, 2010, 2430, 3020, 3860, 5390, 1680591, 1900767, 9720881]
write_lats: vec100: [880, 1110, 1110, 1110, 1110, 1110, 1110, 1110, 1110, 1110, 1110, 1110, 1110, 1110, 1110, 1110, 1110, 1110, 1110, 1110, 1110, 1110, 1120, 1120, 1120, 1120, 1120, 1120, 1120, 1120, 1120, 1120, 1120, 1120, 1120, 1120, 1120, 1130, 1150, 1170, 1190, 1190, 1190, 1190, 1190, 1190, 1190, 1190, 1190, 1190, 1200, 1200, 1200, 1200, 1200, 1200, 1200, 1200, 1200, 1200, 1200, 1200, 1200, 1200, 1200, 1200, 1200, 1201, 1210, 1210, 1210, 1210, 1220, 1220, 1220, 1230, 1240, 1250, 1260, 1280, 1300, 1320, 1330, 1340, 1360, 1390, 1410, 1440, 1460, 1480, 1500, 1540, 1570, 1640, 1740, 1840, 1940, 2080, 2260, 2560, 5080, 636226]
                 avg          P99       P99.99         P100
Read        31.26μs       1.68ms       1.79ms       9.72ms
Write         1.27μs      2.56μs      5.02μs    636.23μs

=== bench_out2.dat ===
Ops: 2010000  Time: 32.24s  Throughput: 62349.41 ops/sec
Dirty reads: 17619 / 1005670 (1.752%)
  Dirty read avg latency: 1.64ms
read_lats: vec100: [930, 1241, 1370, 1380, 1380, 1380, 1380, 1380, 1380, 1380, 1380, 1380, 1380, 1380, 1380, 1380, 1380, 1380, 1380, 1380, 1380, 1380, 1380, 1380, 1380, 1380, 1380, 1380, 1380, 1380, 1380, 1380, 1381, 1390, 1390, 1390, 1390, 1390, 1390, 1390, 1390, 1390, 1390, 1390, 1390, 1390, 1390, 1390, 1390, 1390, 1390, 1390, 1390, 1390, 1390, 1390, 1390, 1390, 1391, 1400, 1400, 1400, 1400, 1400, 1410, 1410, 1420, 1440, 1450, 1460, 1480, 1490, 1500, 1510, 1521, 1531, 1540, 1550, 1560, 1570, 1580, 1590, 1590, 1600, 1620, 1630, 1640, 1650, 1660, 1670, 1680, 1720, 1740, 1801, 1980, 2360, 2980, 3800, 5200, 1690772, 1801445, 9753012]
write_lats: vec100: [850, 1100, 1100, 1100, 1110, 1110, 1110, 1110, 1110, 1110, 1110, 1110, 1110, 1110, 1110, 1110, 1110, 1110, 1110, 1110, 1110, 1110, 1110, 1110, 1120, 1120, 1120, 1120, 1120, 1120, 1120, 1120, 1120, 1120, 1120, 1120, 1120, 1121, 1130, 1170, 1180, 1190, 1190, 1190, 1190, 1190, 1190, 1190, 1190, 1190, 1190, 1190, 1190, 1190, 1190, 1200, 1200, 1200, 1200, 1200, 1200, 1200, 1200, 1200, 1200, 1200, 1200, 1200, 1200, 1210, 1210, 1210, 1210, 1220, 1220, 1221, 1230, 1240, 1260, 1270, 1290, 1310, 1330, 1340, 1370, 1390, 1410, 1440, 1460, 1480, 1490, 1530, 1560, 1630, 1721, 1830, 1940, 2080, 2270, 2560, 6670, 19931]
                 avg          P99       P99.99         P100
Read        30.30μs       1.69ms       1.79ms       9.75ms
Write         1.26μs      2.56μs      4.93μs     19.93μs

=== bench_out3.dat ===
Ops: 2010000  Time: 30.08s  Throughput: 66814.21 ops/sec
Dirty reads: 16474 / 1005244 (1.639%)
  Dirty read avg latency: 1.63ms
read_lats: vec100: [940, 1270, 1380, 1380, 1380, 1380, 1380, 1380, 1380, 1380, 1380, 1380, 1380, 1380, 1380, 1380, 1380, 1380, 1380, 1380, 1380, 1380, 1380, 1380, 1380, 1380, 1380, 1380, 1380, 1380, 1380, 1380, 1381, 1390, 1390, 1390, 1390, 1390, 1390, 1390, 1390, 1390, 1390, 1390, 1390, 1390, 1390, 1390, 1390, 1390, 1390, 1390, 1390, 1390, 1390, 1390, 1390, 1390, 1391, 1400, 1400, 1400, 1400, 1400, 1410, 1410, 1420, 1440, 1450, 1460, 1480, 1490, 1500, 1510, 1520, 1530, 1540, 1550, 1560, 1570, 1580, 1580, 1590, 1600, 1610, 1620, 1630, 1640, 1651, 1660, 1670, 1710, 1730, 1760, 1900, 2210, 2810, 3610, 4850, 1691542, 1809635, 9703741]
write_lats: vec100: [880, 1110, 1110, 1110, 1110, 1110, 1110, 1110, 1110, 1110, 1110, 1110, 1110, 1110, 1110, 1110, 1110, 1110, 1110, 1110, 1110, 1110, 1120, 1120, 1120, 1120, 1120, 1120, 1120, 1120, 1120, 1120, 1120, 1120, 1120, 1120, 1120, 1120, 1130, 1160, 1190, 1190, 1190, 1190, 1190, 1190, 1190, 1190, 1190, 1190, 1190, 1190, 1190, 1190, 1191, 1200, 1200, 1200, 1200, 1200, 1200, 1200, 1200, 1200, 1200, 1200, 1200, 1200, 1200, 1201, 1210, 1210, 1210, 1220, 1220, 1230, 1230, 1240, 1241, 1260, 1280, 1300, 1320, 1330, 1350, 1370, 1400, 1430, 1450, 1480, 1490, 1520, 1541, 1610, 1700, 1800, 1910, 2060, 2240, 2540, 5560, 2400369]
                 avg          P99       P99.99         P100
Read        28.19μs       1.69ms       1.79ms       9.70ms
Write         1.26μs      2.54μs      4.93μs       2.40ms

=== bench_out4.dat ===
Ops: 2010000  Time: 27.06s  Throughput: 74271.44 ops/sec
Dirty reads: 14921 / 1005520 (1.484%)
  Dirty read avg latency: 1.61ms
read_lats: vec100: [960, 1270, 1370, 1370, 1370, 1370, 1370, 1370, 1370, 1370, 1370, 1370, 1370, 1370, 1370, 1370, 1370, 1370, 1370, 1370, 1370, 1370, 1370, 1370, 1370, 1370, 1370, 1370, 1370, 1370, 1371, 1380, 1380, 1380, 1380, 1380, 1380, 1380, 1380, 1380, 1380, 1380, 1380, 1380, 1380, 1380, 1380, 1380, 1380, 1380, 1380, 1380, 1380, 1380, 1380, 1380, 1380, 1381, 1390, 1390, 1390, 1390, 1390, 1390, 1400, 1400, 1410, 1420, 1430, 1440, 1450, 1470, 1480, 1490, 1500, 1520, 1530, 1540, 1550, 1560, 1570, 1580, 1580, 1590, 1600, 1601, 1610, 1620, 1640, 1650, 1660, 1670, 1710, 1720, 1780, 1980, 2480, 3240, 4370, 1678131, 1828275, 9708070]
write_lats: vec100: [870, 1100, 1100, 1100, 1100, 1100, 1100, 1100, 1100, 1100, 1100, 1100, 1100, 1100, 1100, 1100, 1100, 1100, 1100, 1110, 1110, 1110, 1110, 1110, 1110, 1110, 1110, 1110, 1110, 1110, 1110, 1110, 1110, 1110, 1110, 1110, 1110, 1111, 1120, 1140, 1170, 1180, 1180, 1180, 1180, 1180, 1180, 1180, 1180, 1180, 1190, 1190, 1190, 1190, 1190, 1190, 1190, 1190, 1190, 1190, 1190, 1190, 1190, 1190, 1190, 1190, 1190, 1191, 1200, 1200, 1200, 1200, 1210, 1210, 1210, 1220, 1230, 1240, 1260, 1270, 1280, 1301, 1320, 1330, 1340, 1360, 1380, 1400, 1440, 1460, 1480, 1490, 1530, 1570, 1650, 1750, 1870, 2010, 2200, 2480, 5090, 10920]
                 avg          P99       P99.99         P100
Read        25.33μs       1.68ms       1.78ms       9.71ms
Write         1.25μs      2.48μs      4.84μs     10.92μs

=== bench_out5.dat ===
Ops: 2010000  Time: 24.61s  Throughput: 81662.89 ops/sec
Dirty reads: 13574 / 1006520 (1.349%)
  Dirty read avg latency: 1.57ms
read_lats: vec100: [950, 1260, 1370, 1370, 1370, 1370, 1370, 1370, 1370, 1370, 1370, 1370, 1370, 1370, 1370, 1370, 1370, 1370, 1370, 1370, 1370, 1370, 1370, 1370, 1370, 1370, 1370, 1370, 1370, 1370, 1370, 1371, 1380, 1380, 1380, 1380, 1380, 1380, 1380, 1380, 1380, 1380, 1380, 1380, 1380, 1380, 1380, 1380, 1380, 1380, 1380, 1380, 1380, 1380, 1380, 1380, 1380, 1380, 1381, 1390, 1390, 1390, 1390, 1390, 1390, 1400, 1400, 1410, 1420, 1430, 1450, 1460, 1470, 1490, 1500, 1510, 1520, 1530, 1540, 1550, 1560, 1570, 1580, 1590, 1590, 1600, 1610, 1620, 1630, 1640, 1650, 1660, 1700, 1720, 1740, 1850, 2220, 2990, 4150, 1637940, 1814385, 9741292]
write_lats: vec100: [870, 1100, 1100, 1100, 1100, 1100, 1100, 1100, 1100, 1100, 1100, 1101, 1110, 1110, 1110, 1110, 1110, 1110, 1110, 1110, 1110, 1110, 1110, 1110, 1110, 1110, 1110, 1110, 1110, 1110, 1110, 1110, 1110, 1110, 1110, 1110, 1110, 1120, 1120, 1120, 1150, 1180, 1180, 1180, 1180, 1190, 1190, 1190, 1190, 1190, 1190, 1190, 1190, 1190, 1190, 1190, 1190, 1190, 1190, 1190, 1190, 1190, 1190, 1190, 1190, 1190, 1200, 1200, 1200, 1200, 1200, 1200, 1200, 1210, 1210, 1210, 1220, 1230, 1240, 1260, 1270, 1280, 1300, 1320, 1330, 1340, 1350, 1370, 1390, 1430, 1460, 1480, 1490, 1530, 1570, 1680, 1800, 1950, 2150, 2460, 5010, 19241]
                 avg          P99       P99.99         P100
Read        22.70μs       1.64ms       1.78ms       9.74ms
Write         1.24μs      2.46μs      4.84μs     19.24μs

=== bench_out6.dat ===
Ops: 2010000  Time: 21.14s  Throughput: 95076.77 ops/sec
Dirty reads: 11679 / 1005627 (1.161%)
  Dirty read avg latency: 1.52ms
read_lats: vec100: [930, 1300, 1370, 1370, 1370, 1370, 1370, 1370, 1370, 1370, 1370, 1370, 1370, 1370, 1370, 1370, 1370, 1370, 1370, 1371, 1380, 1380, 1380, 1380, 1380, 1380, 1380, 1380, 1380, 1380, 1380, 1380, 1380, 1380, 1380, 1380, 1380, 1380, 1380, 1380, 1380, 1380, 1380, 1380, 1380, 1380, 1380, 1380, 1380, 1380, 1380, 1380, 1380, 1380, 1380, 1381, 1390, 1390, 1390, 1390, 1390, 1390, 1390, 1390, 1390, 1400, 1400, 1400, 1410, 1430, 1440, 1460, 1470, 1480, 1491, 1510, 1520, 1530, 1540, 1550, 1560, 1560, 1570, 1580, 1590, 1591, 1601, 1620, 1630, 1640, 1650, 1660, 1670, 1710, 1720, 1760, 1960, 2620, 3760, 1556198, 1805964, 9735662]
write_lats: vec100: [870, 1090, 1100, 1100, 1100, 1100, 1100, 1100, 1100, 1100, 1100, 1100, 1100, 1100, 1100, 1101, 1110, 1110, 1110, 1110, 1110, 1110, 1110, 1110, 1110, 1110, 1110, 1110, 1110, 1110, 1110, 1110, 1110, 1110, 1110, 1110, 1110, 1110, 1120, 1120, 1130, 1160, 1180, 1180, 1180, 1180, 1180, 1180, 1180, 1180, 1190, 1190, 1190, 1190, 1190, 1190, 1190, 1190, 1190, 1190, 1190, 1190, 1190, 1190, 1190, 1190, 1190, 1190, 1190, 1190, 1191, 1200, 1200, 1200, 1210, 1210, 1220, 1220, 1230, 1230, 1240, 1260, 1270, 1290, 1310, 1320, 1330, 1340, 1370, 1390, 1430, 1450, 1480, 1490, 1530, 1580, 1690, 1850, 2050, 2370, 5111, 7051575]
                 avg          P99       P99.99         P100
Read        19.14μs       1.56ms       1.78ms       9.74ms
Write         1.24μs      2.37μs      4.92μs       7.05ms

=== bench_out7.dat ===
Ops: 2010000  Time: 16.83s  Throughput: 119449.52 ops/sec
Dirty reads: 9354 / 1004063 (0.932%)
  Dirty read avg latency: 1.44ms
read_lats: vec100: [940, 1320, 1370, 1370, 1370, 1370, 1370, 1370, 1370, 1370, 1370, 1370, 1370, 1370, 1370, 1370, 1370, 1370, 1370, 1371, 1380, 1380, 1380, 1380, 1380, 1380, 1380, 1380, 1380, 1380, 1380, 1380, 1380, 1380, 1380, 1380, 1380, 1380, 1380, 1380, 1380, 1380, 1380, 1380, 1380, 1380, 1380, 1380, 1380, 1380, 1380, 1380, 1380, 1380, 1380, 1380, 1380, 1381, 1381, 1390, 1390, 1390, 1390, 1390, 1390, 1390, 1400, 1400, 1410, 1420, 1430, 1441, 1460, 1470, 1481, 1500, 1510, 1520, 1530, 1540, 1550, 1560, 1570, 1580, 1580, 1590, 1600, 1610, 1620, 1630, 1640, 1650, 1660, 1670, 1710, 1730, 1771, 2120, 3130, 5570, 1785664, 8737237]
write_lats: vec100: [870, 1100, 1100, 1110, 1110, 1110, 1110, 1110, 1110, 1110, 1110, 1110, 1110, 1110, 1110, 1110, 1110, 1110, 1110, 1110, 1110, 1110, 1110, 1110, 1110, 1110, 1110, 1110, 1110, 1110, 1110, 1111, 1120, 1120, 1120, 1120, 1120, 1120, 1120, 1120, 1130, 1151, 1180, 1190, 1190, 1190, 1190, 1190, 1190, 1190, 1190, 1190, 1190, 1190, 1190, 1190, 1190, 1190, 1190, 1190, 1191, 1200, 1200, 1200, 1200, 1200, 1200, 1200, 1200, 1200, 1200, 1200, 1200, 1201, 1210, 1210, 1210, 1220, 1220, 1230, 1240, 1250, 1270, 1280, 1300, 1320, 1330, 1340, 1350, 1370, 1400, 1430, 1460, 1480, 1500, 1540, 1600, 1760, 1940, 2260, 6010, 25311]
                 avg          P99       P99.99         P100
Read        14.91μs      5.62μs       1.78ms       8.74ms
Write         1.23μs      2.27μs      4.86μs     25.31μs

=== bench_out8.dat ===
Ops: 2010000  Time: 12.69s  Throughput: 158332.52 ops/sec
Dirty reads: 7116 / 1003725 (0.709%)
  Dirty read avg latency: 1.32ms
read_lats: vec100: [950, 1370, 1380, 1380, 1380, 1380, 1380, 1380, 1380, 1380, 1380, 1380, 1380, 1380, 1380, 1380, 1380, 1380, 1380, 1380, 1380, 1380, 1380, 1380, 1380, 1380, 1380, 1380, 1380, 1380, 1380, 1380, 1381, 1390, 1390, 1390, 1390, 1390, 1390, 1390, 1390, 1390, 1390, 1390, 1390, 1390, 1390, 1390, 1390, 1390, 1390, 1390, 1390, 1390, 1390, 1390, 1390, 1390, 1390, 1390, 1391, 1400, 1400, 1400, 1400, 1400, 1400, 1410, 1410, 1420, 1430, 1450, 1460, 1470, 1481, 1500, 1510, 1520, 1530, 1540, 1550, 1560, 1561, 1570, 1580, 1590, 1600, 1600, 1620, 1630, 1640, 1650, 1660, 1670, 1680, 1720, 1730, 1820, 2460, 4190, 1795705, 9730641]
write_lats: vec100: [870, 1090, 1100, 1100, 1100, 1110, 1110, 1110, 1110, 1110, 1110, 1110, 1110, 1110, 1110, 1110, 1110, 1110, 1110, 1110, 1110, 1110, 1110, 1110, 1110, 1110, 1110, 1110, 1110, 1110, 1110, 1110, 1111, 1120, 1120, 1120, 1120, 1120, 1120, 1120, 1120, 1130, 1170, 1180, 1180, 1181, 1190, 1190, 1190, 1190, 1190, 1190, 1190, 1190, 1190, 1190, 1190, 1190, 1190, 1190, 1190, 1190, 1190, 1190, 1190, 1190, 1190, 1200, 1200, 1200, 1200, 1200, 1200, 1200, 1200, 1210, 1210, 1210, 1220, 1220, 1230, 1240, 1250, 1260, 1280, 1300, 1320, 1330, 1340, 1350, 1370, 1390, 1430, 1460, 1480, 1490, 1540, 1601, 1800, 2100, 4920, 3804884]
                 avg          P99       P99.99         P100
Read        10.82μs      4.19μs       1.78ms       9.73ms
Write         1.22μs      2.11μs      4.65μs       3.80ms

Average throughput across all outputs: 86553.89
Average read latency across all outputs: 23.80 us
Average write latency across all outputs: 1.25 us
