Date: 20260519_1500
YCSB workload: workloada_1024_medium

============= RepCXL configuration =============
processes = "0-8"
logger_cluster_size = 3
algorithm = "fmonster"
pipeline = false
round_time = 10 
read_retries = 10
core_affinity = "20-120" 
============= Benchmark Results =============

=== bench_out0.dat ===
Monster: conflicts=39, sync_failures=3016883, empty_requests=0, try_overtime=1005641, check_overtime=1005641, replicate_overtime=1005601
Ops: 2010000  Time: 11.33s  Throughput: 177481.89 ops/sec
Dirty reads: 1 / 1004365 (0.000%)
  Dirty read avg latency: 756.80μs
read_lats: vec100: [2190, 3140, 3170, 3190, 3210, 3220, 3240, 3250, 3270, 3280, 3290, 3301, 3320, 3330, 3340, 3350, 3360, 3370, 3380, 3390, 3400, 3401, 3410, 3420, 3430, 3440, 3450, 3460, 3470, 3471, 3480, 3490, 3500, 3510, 3520, 3530, 3540, 3550, 3560, 3570, 3580, 3581, 3590, 3600, 3610, 3620, 3630, 3640, 3650, 3660, 3670, 3680, 3690, 3700, 3701, 3710, 3720, 3730, 3740, 3750, 3760, 3770, 3770, 3780, 3790, 3800, 3810, 3820, 3830, 3840, 3850, 3861, 3880, 3890, 3900, 3920, 3930, 3950, 3970, 3981, 4000, 4020, 4040, 4060, 4090, 4110, 4130, 4160, 4180, 4210, 4250, 4280, 4320, 4361, 4420, 4480, 4570, 4730, 5090, 7720, 28930, 8996384]
write_lats: vec100: [3770, 4350, 4440, 4500, 4550, 4590, 4630, 4670, 4700, 4730, 4760, 4790, 4820, 4841, 4870, 4890, 4910, 4930, 4950, 4970, 4990, 5010, 5020, 5040, 5050, 5070, 5080, 5091, 5110, 5120, 5130, 5141, 5160, 5170, 5180, 5190, 5200, 5210, 5221, 5240, 5250, 5260, 5270, 5280, 5290, 5300, 5310, 5320, 5330, 5340, 5350, 5360, 5370, 5380, 5390, 5400, 5411, 5430, 5440, 5450, 5460, 5470, 5480, 5490, 5510, 5520, 5530, 5540, 5560, 5570, 5580, 5600, 5610, 5630, 5640, 5660, 5671, 5690, 5710, 5730, 5750, 5770, 5790, 5810, 5830, 5860, 5880, 5910, 5940, 5970, 6010, 6050, 6090, 6140, 6200, 6270, 6350, 6460, 6610, 6890, 12880, 9018665]
                 avg          P99       P99.99         P100
Read         3.82μs      7.76μs     26.91μs       9.00ms
Write         5.40μs      6.89μs     11.64μs       9.02ms

=== bench_out1.dat ===
Monster: conflicts=1515, sync_failures=3017062, empty_requests=0, try_overtime=1006193, check_overtime=1006193, replicate_overtime=1004676
Ops: 2010000  Time: 11.16s  Throughput: 180065.71 ops/sec
Dirty reads: 1 / 1005012 (0.000%)
  Dirty read avg latency: 1.86ms
read_lats: vec100: [2280, 3170, 3200, 3220, 3240, 3260, 3280, 3290, 3310, 3320, 3340, 3350, 3360, 3371, 3390, 3400, 3410, 3420, 3430, 3440, 3450, 3460, 3470, 3480, 3490, 3500, 3510, 3520, 3530, 3540, 3550, 3560, 3570, 3580, 3590, 3600, 3610, 3620, 3630, 3631, 3640, 3650, 3660, 3670, 3680, 3690, 3700, 3710, 3710, 3720, 3730, 3740, 3750, 3760, 3760, 3770, 3780, 3790, 3800, 3810, 3811, 3820, 3830, 3840, 3850, 3860, 3870, 3881, 3900, 3910, 3920, 3930, 3941, 3960, 3970, 3990, 4000, 4020, 4030, 4050, 4070, 4080, 4100, 4120, 4140, 4160, 4180, 4210, 4230, 4260, 4290, 4320, 4360, 4400, 4450, 4520, 4620, 4780, 5170, 7940, 41001, 4338199]
write_lats: vec100: [3871, 4341, 4440, 4500, 4550, 4590, 4630, 4670, 4700, 4740, 4761, 4790, 4820, 4841, 4870, 4890, 4910, 4930, 4950, 4970, 4990, 5010, 5020, 5040, 5051, 5070, 5080, 5100, 5110, 5120, 5131, 5150, 5160, 5170, 5180, 5191, 5201, 5220, 5230, 5240, 5250, 5260, 5270, 5280, 5290, 5300, 5310, 5320, 5331, 5341, 5360, 5370, 5380, 5390, 5400, 5410, 5420, 5430, 5440, 5450, 5461, 5480, 5490, 5500, 5510, 5521, 5540, 5550, 5560, 5580, 5590, 5601, 5620, 5630, 5650, 5670, 5680, 5700, 5720, 5731, 5751, 5771, 5800, 5820, 5840, 5870, 5891, 5921, 5951, 5990, 6021, 6070, 6110, 6160, 6220, 6290, 6370, 6480, 6640, 6950, 16831, 6734589]
                 avg          P99       P99.99         P100
Read         3.87μs      7.95μs     27.14μs       4.34ms
Write         5.42μs      6.95μs     16.64μs       6.73ms

=== bench_out2.dat ===
Monster: conflicts=2989, sync_failures=3022290, empty_requests=0, try_overtime=1008427, check_overtime=1008427, replicate_overtime=1005436
Ops: 2010000  Time: 11.28s  Throughput: 178258.86 ops/sec
Dirty reads: 2 / 1003986 (0.000%)
  Dirty read avg latency: 1.64ms
read_lats: vec100: [2150, 3160, 3190, 3210, 3220, 3240, 3250, 3270, 3280, 3300, 3310, 3320, 3330, 3340, 3350, 3361, 3371, 3381, 3391, 3400, 3410, 3420, 3430, 3440, 3450, 3460, 3470, 3480, 3490, 3500, 3510, 3511, 3520, 3530, 3540, 3550, 3560, 3570, 3580, 3590, 3600, 3610, 3620, 3630, 3640, 3650, 3660, 3661, 3670, 3680, 3690, 3700, 3710, 3720, 3730, 3740, 3741, 3750, 3760, 3770, 3780, 3790, 3800, 3810, 3811, 3821, 3830, 3840, 3851, 3870, 3880, 3890, 3900, 3911, 3930, 3940, 3960, 3970, 3990, 4010, 4020, 4040, 4060, 4080, 4100, 4120, 4141, 4170, 4191, 4220, 4260, 4290, 4330, 4370, 4420, 4490, 4580, 4750, 5140, 7750, 27910, 6674117]
write_lats: vec100: [3780, 4350, 4440, 4500, 4550, 4591, 4631, 4670, 4701, 4740, 4770, 4791, 4820, 4850, 4870, 4891, 4920, 4940, 4960, 4980, 4990, 5010, 5030, 5040, 5060, 5070, 5090, 5100, 5110, 5121, 5140, 5150, 5160, 5170, 5181, 5200, 5210, 5220, 5230, 5240, 5250, 5260, 5270, 5280, 5290, 5301, 5311, 5321, 5340, 5350, 5360, 5370, 5380, 5390, 5400, 5410, 5420, 5430, 5440, 5450, 5461, 5480, 5490, 5500, 5510, 5520, 5540, 5550, 5560, 5580, 5590, 5600, 5620, 5630, 5650, 5660, 5680, 5700, 5711, 5730, 5750, 5770, 5790, 5820, 5840, 5861, 5890, 5920, 5950, 5981, 6020, 6060, 6110, 6160, 6220, 6290, 6380, 6500, 6670, 7030, 33621, 7974499]
                 avg          P99       P99.99         P100
Read         3.85μs      7.81μs     27.47μs       6.67ms
Write         5.43μs      7.03μs     19.37μs       7.97ms

=== bench_out3.dat ===
Monster: conflicts=4585, sync_failures=3020267, empty_requests=0, try_overtime=1008284, check_overtime=1008284, replicate_overtime=1003699
Ops: 2010000  Time: 11.31s  Throughput: 177717.13 ops/sec
Dirty reads: 0 / 1005471 (0.000%)
read_lats: vec100: [2180, 3150, 3180, 3200, 3220, 3230, 3250, 3260, 3270, 3290, 3300, 3310, 3320, 3330, 3341, 3360, 3370, 3380, 3381, 3391, 3400, 3410, 3420, 3430, 3440, 3450, 3460, 3470, 3480, 3481, 3490, 3500, 3510, 3520, 3530, 3540, 3550, 3560, 3570, 3571, 3580, 3590, 3600, 3610, 3620, 3630, 3640, 3650, 3660, 3670, 3680, 3681, 3690, 3700, 3710, 3720, 3730, 3740, 3750, 3751, 3760, 3770, 3780, 3790, 3800, 3810, 3820, 3830, 3840, 3850, 3860, 3870, 3880, 3900, 3910, 3920, 3940, 3950, 3970, 3990, 4000, 4020, 4040, 4060, 4080, 4100, 4120, 4150, 4170, 4200, 4230, 4270, 4310, 4350, 4400, 4460, 4551, 4710, 5070, 7740, 29611, 7991890]
write_lats: vec100: [3780, 4341, 4440, 4500, 4550, 4591, 4630, 4670, 4701, 4740, 4770, 4800, 4821, 4850, 4871, 4900, 4920, 4940, 4960, 4980, 5000, 5010, 5030, 5050, 5060, 5071, 5090, 5100, 5120, 5130, 5140, 5150, 5161, 5180, 5190, 5200, 5210, 5220, 5230, 5241, 5251, 5270, 5280, 5290, 5300, 5310, 5320, 5330, 5340, 5350, 5360, 5370, 5380, 5390, 5400, 5410, 5421, 5431, 5450, 5460, 5470, 5480, 5490, 5501, 5520, 5530, 5540, 5551, 5570, 5580, 5591, 5610, 5620, 5640, 5650, 5670, 5690, 5700, 5720, 5740, 5760, 5780, 5800, 5821, 5850, 5870, 5900, 5930, 5960, 6000, 6031, 6080, 6120, 6180, 6240, 6310, 6400, 6530, 6711, 7140, 32501, 8831760]
                 avg          P99       P99.99         P100
Read         3.82μs      7.77μs     27.81μs       7.99ms
Write         5.46μs      7.14μs     26.89μs       8.83ms

=== bench_out4.dat ===
Monster: conflicts=5915, sync_failures=3026712, empty_requests=0, try_overtime=1010876, check_overtime=1010876, replicate_overtime=1004960
Ops: 2010000  Time: 12.00s  Throughput: 167501.30 ops/sec
Dirty reads: 1 / 1004256 (0.000%)
  Dirty read avg latency: 1.92ms
read_lats: vec100: [2041, 3170, 3210, 3241, 3270, 3300, 3320, 3341, 3361, 3380, 3400, 3420, 3440, 3451, 3470, 3490, 3500, 3520, 3530, 3550, 3560, 3580, 3590, 3610, 3620, 3630, 3650, 3660, 3670, 3680, 3691, 3710, 3720, 3730, 3740, 3750, 3760, 3770, 3780, 3790, 3800, 3810, 3820, 3830, 3840, 3850, 3860, 3870, 3880, 3890, 3900, 3910, 3930, 3940, 3950, 3960, 3980, 3990, 4000, 4011, 4030, 4040, 4060, 4070, 4090, 4100, 4120, 4130, 4150, 4161, 4180, 4200, 4220, 4240, 4260, 4280, 4300, 4320, 4350, 4370, 4400, 4430, 4460, 4501, 4551, 4620, 4710, 4830, 5070, 6200, 8450, 8700, 8851, 8990, 9110, 9230, 9361, 9510, 9710, 10050, 31340, 8232005]
write_lats: vec100: [3651, 4211, 4321, 4400, 4450, 4500, 4540, 4580, 4610, 4640, 4670, 4700, 4730, 4750, 4780, 4800, 4820, 4840, 4870, 4890, 4910, 4930, 4941, 4960, 4980, 5000, 5020, 5030, 5050, 5061, 5080, 5091, 5110, 5121, 5140, 5150, 5170, 5180, 5200, 5210, 5220, 5240, 5250, 5260, 5271, 5290, 5300, 5310, 5330, 5340, 5350, 5360, 5380, 5390, 5400, 5411, 5430, 5440, 5450, 5470, 5480, 5490, 5510, 5520, 5531, 5550, 5560, 5580, 5590, 5610, 5621, 5640, 5660, 5670, 5690, 5710, 5730, 5750, 5770, 5790, 5810, 5830, 5851, 5880, 5910, 5930, 5960, 6000, 6030, 6070, 6110, 6150, 6200, 6260, 6330, 6401, 6500, 6631, 6840, 7350, 34391, 8863561]
                 avg          P99       P99.99         P100
Read         4.51μs     10.05μs     28.74μs       8.23ms
Write         5.45μs      7.35μs     30.78μs       8.86ms

=== bench_out5.dat ===
Monster: conflicts=7338, sync_failures=3030018, empty_requests=0, try_overtime=1012452, check_overtime=1012452, replicate_overtime=1005114
Ops: 2010000  Time: 12.02s  Throughput: 167191.03 ops/sec
Dirty reads: 3 / 1003847 (0.000%)
  Dirty read avg latency: 1.94ms
read_lats: vec100: [2180, 3180, 3230, 3270, 3300, 3330, 3351, 3380, 3400, 3420, 3431, 3450, 3470, 3490, 3500, 3520, 3530, 3550, 3560, 3580, 3590, 3600, 3620, 3630, 3640, 3650, 3660, 3671, 3690, 3700, 3710, 3720, 3730, 3740, 3750, 3760, 3770, 3771, 3781, 3790, 3800, 3810, 3820, 3830, 3840, 3850, 3860, 3870, 3880, 3890, 3900, 3911, 3930, 3940, 3950, 3960, 3971, 3990, 4000, 4010, 4030, 4040, 4050, 4070, 4080, 4100, 4110, 4130, 4140, 4160, 4180, 4190, 4210, 4230, 4250, 4270, 4290, 4320, 4340, 4370, 4390, 4420, 4460, 4500, 4550, 4610, 4700, 4830, 5070, 6230, 8430, 8670, 8830, 8960, 9080, 9201, 9340, 9490, 9690, 10031, 32191, 6007859]
write_lats: vec100: [3700, 4210, 4320, 4390, 4450, 4490, 4530, 4570, 4610, 4640, 4670, 4700, 4720, 4750, 4770, 4800, 4820, 4840, 4860, 4880, 4900, 4920, 4940, 4960, 4980, 4990, 5010, 5030, 5040, 5060, 5071, 5090, 5110, 5120, 5131, 5150, 5160, 5180, 5190, 5200, 5220, 5230, 5240, 5260, 5270, 5280, 5291, 5310, 5320, 5330, 5350, 5360, 5370, 5381, 5400, 5410, 5420, 5440, 5450, 5460, 5471, 5490, 5500, 5520, 5530, 5541, 5560, 5570, 5590, 5601, 5620, 5640, 5650, 5670, 5690, 5710, 5721, 5740, 5760, 5781, 5810, 5830, 5850, 5880, 5900, 5930, 5960, 5990, 6030, 6070, 6110, 6150, 6201, 6260, 6330, 6410, 6510, 6650, 6870, 7530, 37181, 8933634]
                 avg          P99       P99.99         P100
Read         4.51μs     10.04μs     28.54μs       6.01ms
Write         5.47μs      7.54μs     33.11μs       8.93ms

=== bench_out6.dat ===
Monster: conflicts=9411, sync_failures=3029830, empty_requests=0, try_overtime=1013081, check_overtime=1013081, replicate_overtime=1003668
Ops: 2010000  Time: 11.92s  Throughput: 168595.53 ops/sec
Dirty reads: 2 / 1005078 (0.000%)
  Dirty read avg latency: 1.07ms
read_lats: vec100: [2170, 3170, 3210, 3240, 3260, 3290, 3310, 3330, 3350, 3360, 3380, 3400, 3410, 3430, 3440, 3460, 3470, 3490, 3500, 3520, 3530, 3540, 3560, 3570, 3581, 3600, 3610, 3621, 3640, 3650, 3660, 3671, 3690, 3700, 3710, 3720, 3730, 3740, 3750, 3760, 3770, 3780, 3790, 3800, 3810, 3820, 3830, 3841, 3860, 3870, 3880, 3890, 3900, 3911, 3930, 3940, 3950, 3970, 3980, 3990, 4010, 4020, 4040, 4050, 4070, 4080, 4100, 4120, 4130, 4150, 4170, 4181, 4200, 4220, 4240, 4261, 4290, 4310, 4340, 4360, 4390, 4420, 4451, 4491, 4541, 4610, 4690, 4811, 5030, 6000, 8410, 8691, 8860, 8990, 9110, 9240, 9370, 9521, 9720, 10060, 29030, 8443571]
write_lats: vec100: [3560, 4220, 4330, 4401, 4460, 4510, 4550, 4590, 4620, 4650, 4680, 4710, 4740, 4760, 4790, 4810, 4830, 4860, 4880, 4900, 4920, 4940, 4951, 4970, 4990, 5010, 5030, 5040, 5060, 5071, 5090, 5101, 5120, 5131, 5150, 5160, 5180, 5190, 5200, 5220, 5230, 5240, 5260, 5270, 5280, 5300, 5310, 5320, 5330, 5350, 5360, 5370, 5380, 5400, 5410, 5420, 5431, 5450, 5460, 5470, 5490, 5500, 5510, 5530, 5540, 5560, 5570, 5581, 5600, 5611, 5630, 5650, 5660, 5680, 5700, 5720, 5731, 5750, 5770, 5791, 5820, 5840, 5860, 5890, 5911, 5940, 5970, 6010, 6040, 6080, 6120, 6170, 6220, 6280, 6350, 6431, 6540, 6690, 6940, 8210, 47441, 8020340]
                 avg          P99       P99.99         P100
Read         4.49μs     10.06μs     27.63μs       8.44ms
Write         5.50μs      8.22μs     34.81μs       8.02ms

=== bench_out7.dat ===
Monster: conflicts=11334, sync_failures=3031422, empty_requests=0, try_overtime=1014252, check_overtime=1014252, replicate_overtime=1002918
Ops: 2010000  Time: 12.02s  Throughput: 167191.03 ops/sec
Dirty reads: 1 / 1005584 (0.000%)
  Dirty read avg latency: 1.88ms
read_lats: vec100: [2130, 3171, 3210, 3240, 3260, 3290, 3310, 3330, 3350, 3361, 3380, 3400, 3410, 3430, 3441, 3460, 3470, 3490, 3500, 3520, 3530, 3541, 3560, 3570, 3590, 3600, 3610, 3630, 3640, 3650, 3660, 3680, 3690, 3700, 3710, 3720, 3730, 3740, 3750, 3760, 3771, 3781, 3791, 3810, 3820, 3830, 3840, 3850, 3860, 3870, 3880, 3890, 3910, 3920, 3930, 3941, 3960, 3970, 3981, 4000, 4010, 4030, 4040, 4060, 4070, 4090, 4101, 4120, 4140, 4151, 4170, 4190, 4210, 4230, 4250, 4270, 4290, 4320, 4340, 4370, 4400, 4430, 4460, 4500, 4551, 4620, 4710, 4831, 5070, 6230, 8450, 8710, 8861, 8990, 9111, 9231, 9370, 9520, 9711, 10050, 28940, 8471191]
write_lats: vec100: [3640, 4201, 4320, 4390, 4450, 4490, 4540, 4570, 4610, 4640, 4670, 4700, 4730, 4750, 4780, 4800, 4820, 4840, 4861, 4890, 4910, 4930, 4941, 4960, 4980, 5000, 5020, 5030, 5050, 5061, 5080, 5100, 5110, 5130, 5140, 5151, 5170, 5180, 5200, 5210, 5220, 5240, 5250, 5260, 5280, 5290, 5300, 5320, 5330, 5340, 5351, 5370, 5380, 5390, 5410, 5420, 5430, 5441, 5460, 5470, 5490, 5500, 5510, 5530, 5540, 5560, 5570, 5590, 5600, 5620, 5630, 5650, 5670, 5680, 5700, 5720, 5740, 5760, 5780, 5800, 5820, 5841, 5870, 5891, 5920, 5950, 5980, 6020, 6050, 6090, 6130, 6180, 6240, 6300, 6370, 6460, 6570, 6730, 7010, 9710, 56251, 8058060]
                 avg          P99       P99.99         P100
Read         4.50μs     10.06μs     27.89μs       8.47ms
Write         5.52μs      9.72μs     39.05μs       8.06ms

=== bench_out8.dat ===
Monster: conflicts=14031, sync_failures=3034068, empty_requests=0, try_overtime=1016033, check_overtime=1016033, replicate_overtime=1002002
Ops: 2010000  Time: 12.05s  Throughput: 166835.15 ops/sec
Dirty reads: 2 / 1006165 (0.000%)
  Dirty read avg latency: 1.11ms
read_lats: vec100: [2160, 3170, 3210, 3240, 3270, 3290, 3310, 3330, 3350, 3370, 3381, 3400, 3420, 3430, 3450, 3460, 3480, 3490, 3510, 3520, 3540, 3550, 3570, 3580, 3590, 3610, 3620, 3630, 3650, 3660, 3670, 3680, 3700, 3710, 3720, 3730, 3740, 3750, 3760, 3770, 3780, 3790, 3800, 3810, 3820, 3831, 3850, 3860, 3870, 3880, 3890, 3900, 3920, 3930, 3940, 3951, 3970, 3980, 3991, 4010, 4020, 4040, 4050, 4070, 4080, 4100, 4110, 4130, 4150, 4160, 4180, 4200, 4220, 4240, 4260, 4280, 4300, 4321, 4350, 4371, 4400, 4430, 4470, 4510, 4560, 4630, 4720, 4841, 5080, 6260, 8461, 8720, 8880, 9010, 9130, 9251, 9390, 9540, 9740, 10090, 29760, 6259616]
write_lats: vec100: [3680, 4230, 4330, 4410, 4460, 4510, 4550, 4590, 4620, 4650, 4681, 4710, 4740, 4770, 4790, 4810, 4840, 4860, 4880, 4900, 4920, 4940, 4960, 4980, 5000, 5010, 5030, 5050, 5060, 5080, 5091, 5110, 5121, 5140, 5150, 5170, 5180, 5200, 5210, 5220, 5240, 5250, 5260, 5280, 5290, 5300, 5311, 5330, 5340, 5350, 5370, 5380, 5390, 5401, 5420, 5430, 5440, 5460, 5470, 5480, 5500, 5510, 5521, 5540, 5550, 5570, 5580, 5600, 5610, 5630, 5640, 5660, 5680, 5690, 5710, 5730, 5750, 5770, 5790, 5810, 5830, 5860, 5880, 5910, 5930, 5960, 5990, 6030, 6060, 6100, 6140, 6190, 6250, 6310, 6381, 6471, 6600, 6771, 7121, 11890, 50621, 8420350]
                 avg          P99       P99.99         P100
Read         4.50μs     10.09μs     28.24μs       6.26ms
Write         5.54μs     11.91μs     41.89μs       8.42ms

Average throughput across all outputs: 172316.67
Average read latency across all outputs: 4.21 us
Average write latency across all outputs: 5.47 us
