Date: 20260519_1518
YCSB workload: workloada_1024_medium

============= RepCXL configuration =============
processes = "0-8"
logger_cluster_size = 3
algorithm = "fmonster"
pipeline = false
round_time = 1300 
read_retries = 10
core_affinity = "20-120" 
============= Benchmark Results =============

=== bench_out0.dat ===
Monster: conflicts=30, sync_failures=1126603, empty_requests=0, try_overtime=109572, check_overtime=14525, replicate_overtime=1002506
Ops: 2010000  Time: 12.38s  Throughput: 162364.58 ops/sec
Dirty reads: 0 / 1004365 (0.000%)
read_lats: vec100: [2200, 3110, 3130, 3141, 3160, 3180, 3190, 3200, 3220, 3230, 3240, 3250, 3260, 3270, 3280, 3290, 3300, 3310, 3320, 3330, 3340, 3340, 3350, 3360, 3370, 3370, 3380, 3390, 3390, 3400, 3410, 3411, 3420, 3430, 3440, 3440, 3450, 3460, 3461, 3470, 3480, 3490, 3490, 3500, 3510, 3511, 3520, 3530, 3540, 3550, 3550, 3560, 3570, 3580, 3580, 3590, 3600, 3610, 3620, 3620, 3630, 3640, 3650, 3660, 3660, 3670, 3680, 3690, 3700, 3701, 3710, 3720, 3730, 3740, 3750, 3760, 3770, 3780, 3781, 3800, 3810, 3820, 3830, 3840, 3850, 3870, 3890, 3900, 3921, 3950, 3970, 4000, 4040, 4080, 4120, 4181, 4270, 4410, 4730, 7421, 26871, 519742]
write_lats: vec100: [4700, 5180, 5321, 5420, 5490, 5550, 5600, 5640, 5680, 5710, 5741, 5771, 5800, 5830, 5860, 5880, 5901, 5930, 5950, 5971, 6000, 6020, 6040, 6060, 6080, 6100, 6120, 6140, 6160, 6171, 6190, 6210, 6230, 6250, 6261, 6280, 6300, 6320, 6340, 6351, 6370, 6390, 6410, 6420, 6440, 6460, 6480, 6491, 6510, 6530, 6550, 6561, 6580, 6600, 6620, 6640, 6651, 6670, 6690, 6710, 6730, 6750, 6770, 6790, 6810, 6830, 6850, 6870, 6890, 6911, 6940, 6960, 6990, 7010, 7040, 7070, 7100, 7130, 7160, 7190, 7221, 7260, 7300, 7340, 7380, 7430, 7471, 7530, 7580, 7630, 7690, 7750, 7820, 7891, 7970, 8060, 8161, 8291, 8480, 8820, 15641, 8285386]
                 avg          P99       P99.99         P100
Read         3.67μs      7.45μs     25.70μs    519.74μs
Write         6.68μs      8.82μs     13.62μs       8.29ms

=== bench_out1.dat ===
Monster: conflicts=1482, sync_failures=1122161, empty_requests=0, try_overtime=107442, check_overtime=13981, replicate_overtime=1000738
Ops: 2010000  Time: 12.37s  Throughput: 162480.16 ops/sec
Dirty reads: 0 / 1005012 (0.000%)
read_lats: vec100: [2180, 3110, 3130, 3150, 3161, 3180, 3191, 3210, 3220, 3231, 3250, 3260, 3270, 3280, 3290, 3300, 3310, 3320, 3330, 3331, 3340, 3350, 3360, 3370, 3371, 3380, 3390, 3400, 3400, 3410, 3420, 3421, 3430, 3440, 3450, 3450, 3460, 3470, 3471, 3480, 3490, 3500, 3500, 3510, 3520, 3530, 3530, 3540, 3550, 3560, 3570, 3570, 3580, 3590, 3600, 3601, 3610, 3620, 3630, 3640, 3641, 3650, 3660, 3670, 3680, 3681, 3690, 3700, 3710, 3720, 3730, 3731, 3740, 3750, 3760, 3770, 3780, 3790, 3800, 3810, 3820, 3830, 3840, 3851, 3870, 3890, 3900, 3920, 3940, 3970, 3991, 4021, 4060, 4100, 4150, 4210, 4300, 4440, 4781, 7490, 38041, 6612335]
write_lats: vec100: [4671, 5181, 5330, 5420, 5490, 5550, 5600, 5640, 5680, 5710, 5740, 5770, 5800, 5830, 5851, 5880, 5900, 5930, 5950, 5970, 5990, 6010, 6030, 6051, 6070, 6090, 6110, 6130, 6150, 6170, 6190, 6210, 6221, 6240, 6260, 6280, 6300, 6310, 6330, 6350, 6370, 6381, 6400, 6420, 6440, 6451, 6470, 6490, 6510, 6521, 6540, 6560, 6580, 6591, 6610, 6630, 6650, 6670, 6690, 6701, 6720, 6740, 6760, 6780, 6800, 6820, 6840, 6861, 6890, 6910, 6930, 6960, 6980, 7010, 7030, 7060, 7090, 7120, 7150, 7181, 7220, 7260, 7291, 7331, 7380, 7420, 7470, 7520, 7570, 7621, 7681, 7750, 7820, 7890, 7970, 8060, 8170, 8301, 8500, 8870, 20571, 7900187]
                 avg          P99       P99.99         P100
Read         3.70μs      7.50μs     25.70μs       6.61ms
Write         6.68μs      8.88μs     20.32μs       7.90ms

=== bench_out2.dat ===
Monster: conflicts=3225, sync_failures=1132739, empty_requests=0, try_overtime=116394, check_overtime=15850, replicate_overtime=1000495
Ops: 2010000  Time: 12.42s  Throughput: 161832.07 ops/sec
Dirty reads: 1 / 1003986 (0.000%)
  Dirty read avg latency: 1.79ms
read_lats: vec100: [2190, 3110, 3130, 3150, 3170, 3180, 3200, 3210, 3221, 3240, 3250, 3260, 3270, 3280, 3290, 3300, 3310, 3320, 3330, 3340, 3350, 3350, 3360, 3370, 3380, 3381, 3390, 3400, 3410, 3410, 3420, 3430, 3440, 3440, 3450, 3460, 3461, 3470, 3480, 3490, 3491, 3500, 3510, 3520, 3521, 3530, 3540, 3550, 3560, 3560, 3570, 3580, 3590, 3600, 3600, 3610, 3620, 3630, 3640, 3640, 3650, 3660, 3670, 3680, 3680, 3690, 3700, 3710, 3720, 3730, 3731, 3740, 3750, 3760, 3770, 3780, 3790, 3800, 3810, 3820, 3830, 3840, 3850, 3870, 3880, 3900, 3920, 3940, 3960, 3990, 4011, 4050, 4080, 4120, 4170, 4240, 4330, 4470, 4810, 7611, 26101, 6655556]
write_lats: vec100: [4700, 5180, 5321, 5420, 5490, 5550, 5600, 5640, 5680, 5710, 5741, 5771, 5800, 5830, 5860, 5880, 5910, 5930, 5950, 5980, 6000, 6020, 6040, 6060, 6080, 6100, 6120, 6140, 6160, 6180, 6191, 6210, 6230, 6250, 6270, 6290, 6300, 6320, 6340, 6360, 6371, 6390, 6410, 6430, 6450, 6460, 6480, 6500, 6520, 6531, 6550, 6570, 6590, 6610, 6621, 6640, 6660, 6680, 6700, 6720, 6740, 6760, 6780, 6800, 6820, 6840, 6860, 6880, 6901, 6930, 6950, 6980, 7000, 7030, 7060, 7081, 7111, 7150, 7180, 7210, 7250, 7290, 7330, 7370, 7411, 7460, 7510, 7560, 7610, 7670, 7730, 7790, 7860, 7931, 8011, 8110, 8220, 8360, 8570, 9031, 145773, 7892558]
                 avg          P99       P99.99         P100
Read         3.71μs      7.66μs     25.77μs       6.66ms
Write         6.71μs      9.04μs     22.29μs       7.89ms

=== bench_out3.dat ===
Monster: conflicts=4996, sync_failures=1123463, empty_requests=0, try_overtime=110579, check_overtime=14573, replicate_overtime=998311
Ops: 2010000  Time: 12.43s  Throughput: 161756.07 ops/sec
Dirty reads: 2 / 1005471 (0.000%)
  Dirty read avg latency: 795.54μs
read_lats: vec100: [2050, 3140, 3160, 3180, 3190, 3210, 3220, 3240, 3250, 3270, 3280, 3290, 3300, 3310, 3320, 3330, 3340, 3350, 3360, 3370, 3370, 3380, 3390, 3400, 3401, 3410, 3420, 3430, 3430, 3440, 3450, 3451, 3460, 3470, 3480, 3480, 3490, 3500, 3501, 3510, 3520, 3530, 3530, 3540, 3550, 3560, 3561, 3570, 3580, 3590, 3591, 3600, 3610, 3620, 3630, 3630, 3640, 3650, 3660, 3660, 3670, 3680, 3690, 3691, 3700, 3710, 3720, 3730, 3730, 3740, 3750, 3760, 3770, 3770, 3780, 3790, 3800, 3810, 3820, 3830, 3840, 3851, 3870, 3880, 3900, 3920, 3931, 3951, 3980, 4000, 4030, 4060, 4100, 4140, 4190, 4250, 4340, 4470, 4790, 7341, 26460, 5778214]
write_lats: vec100: [4680, 5181, 5330, 5430, 5500, 5550, 5600, 5640, 5680, 5720, 5750, 5780, 5810, 5840, 5860, 5890, 5910, 5931, 5960, 5980, 6000, 6021, 6041, 6070, 6090, 6110, 6121, 6141, 6161, 6180, 6200, 6220, 6240, 6260, 6271, 6290, 6310, 6330, 6350, 6361, 6380, 6400, 6420, 6431, 6450, 6470, 6490, 6510, 6520, 6540, 6560, 6580, 6591, 6610, 6630, 6650, 6670, 6690, 6701, 6721, 6740, 6760, 6780, 6800, 6821, 6841, 6870, 6890, 6910, 6931, 6960, 6980, 7010, 7031, 7060, 7090, 7120, 7150, 7180, 7220, 7250, 7290, 7330, 7370, 7411, 7460, 7510, 7560, 7611, 7670, 7730, 7800, 7870, 7940, 8021, 8120, 8240, 8390, 8631, 9201, 37331, 8013140]
                 avg          P99       P99.99         P100
Read         3.72μs      7.38μs     25.60μs       5.78ms
Write         6.72μs      9.21μs     27.40μs       8.01ms

=== bench_out4.dat ===
Monster: conflicts=6728, sync_failures=1150207, empty_requests=0, try_overtime=133569, check_overtime=19658, replicate_overtime=996980
Ops: 2010000  Time: 12.61s  Throughput: 159439.46 ops/sec
Dirty reads: 3 / 1004256 (0.000%)
  Dirty read avg latency: 893.59μs
read_lats: vec100: [2330, 3110, 3140, 3170, 3190, 3210, 3230, 3250, 3260, 3280, 3290, 3310, 3320, 3330, 3340, 3350, 3360, 3370, 3380, 3390, 3400, 3410, 3420, 3430, 3440, 3450, 3451, 3460, 3470, 3480, 3490, 3500, 3510, 3520, 3521, 3530, 3540, 3550, 3560, 3570, 3580, 3580, 3590, 3600, 3610, 3620, 3621, 3630, 3640, 3650, 3660, 3661, 3670, 3680, 3690, 3700, 3701, 3710, 3720, 3730, 3740, 3741, 3750, 3760, 3770, 3780, 3790, 3790, 3800, 3810, 3820, 3830, 3840, 3850, 3860, 3870, 3880, 3900, 3910, 3920, 3940, 3951, 3970, 3990, 4010, 4030, 4050, 4080, 4101, 4130, 4170, 4201, 4250, 4300, 4361, 4450, 4571, 4851, 6741, 8740, 27811, 6472801]
write_lats: vec100: [4610, 5140, 5271, 5370, 5450, 5510, 5560, 5601, 5650, 5680, 5720, 5750, 5780, 5810, 5840, 5861, 5890, 5920, 5940, 5960, 5990, 6010, 6030, 6050, 6071, 6100, 6120, 6140, 6160, 6180, 6200, 6220, 6240, 6260, 6280, 6300, 6320, 6340, 6351, 6371, 6390, 6410, 6430, 6450, 6470, 6490, 6510, 6530, 6550, 6570, 6590, 6610, 6630, 6650, 6670, 6690, 6710, 6730, 6750, 6770, 6790, 6810, 6831, 6860, 6880, 6900, 6930, 6950, 6980, 7000, 7030, 7060, 7090, 7120, 7150, 7180, 7210, 7250, 7280, 7320, 7360, 7400, 7440, 7480, 7521, 7570, 7620, 7670, 7721, 7780, 7840, 7910, 7980, 8051, 8140, 8240, 8370, 8540, 8811, 9530, 37251, 8933253]
                 avg          P99       P99.99         P100
Read         3.82μs      8.75μs     25.60μs       6.47ms
Write         6.76μs      9.54μs     33.13μs       8.93ms

=== bench_out5.dat ===
Monster: conflicts=9071, sync_failures=1145144, empty_requests=0, try_overtime=129328, check_overtime=19723, replicate_overtime=996093
Ops: 2010000  Time: 12.63s  Throughput: 159185.56 ops/sec
Dirty reads: 1 / 1003847 (0.000%)
  Dirty read avg latency: 1.69ms
read_lats: vec100: [2200, 3120, 3150, 3180, 3200, 3220, 3240, 3260, 3280, 3290, 3301, 3320, 3330, 3340, 3351, 3370, 3380, 3390, 3400, 3401, 3411, 3420, 3430, 3440, 3450, 3460, 3470, 3480, 3490, 3500, 3510, 3520, 3521, 3530, 3540, 3550, 3560, 3570, 3580, 3590, 3591, 3600, 3610, 3620, 3630, 3640, 3641, 3650, 3660, 3670, 3680, 3690, 3691, 3700, 3710, 3720, 3730, 3731, 3740, 3750, 3760, 3770, 3771, 3780, 3790, 3800, 3810, 3820, 3830, 3840, 3850, 3860, 3870, 3880, 3890, 3900, 3920, 3930, 3941, 3960, 3980, 3990, 4010, 4030, 4050, 4070, 4100, 4120, 4150, 4180, 4210, 4250, 4300, 4350, 4410, 4490, 4630, 4920, 6920, 8820, 28191, 8334998]
write_lats: vec100: [4620, 5130, 5270, 5370, 5440, 5500, 5551, 5600, 5640, 5680, 5710, 5741, 5771, 5801, 5830, 5860, 5881, 5910, 5940, 5960, 5980, 6001, 6030, 6050, 6070, 6090, 6110, 6130, 6150, 6170, 6191, 6210, 6230, 6250, 6270, 6290, 6310, 6330, 6350, 6370, 6390, 6410, 6430, 6441, 6460, 6480, 6500, 6520, 6540, 6560, 6580, 6600, 6620, 6640, 6660, 6680, 6700, 6720, 6740, 6760, 6780, 6800, 6821, 6850, 6870, 6890, 6920, 6940, 6970, 6990, 7020, 7050, 7071, 7101, 7131, 7170, 7200, 7230, 7270, 7301, 7341, 7381, 7421, 7470, 7510, 7560, 7610, 7660, 7720, 7771, 7840, 7900, 7970, 8050, 8140, 8250, 8380, 8570, 8890, 10120, 38901, 6098162]
                 avg          P99       P99.99         P100
Read         3.86μs      8.82μs     25.97μs       8.33ms
Write         6.77μs     10.14μs     35.96μs       6.10ms

=== bench_out6.dat ===
Monster: conflicts=11537, sync_failures=1152553, empty_requests=0, try_overtime=136600, check_overtime=21844, replicate_overtime=994109
Ops: 2010000  Time: 12.59s  Throughput: 159628.48 ops/sec
Dirty reads: 0 / 1005078 (0.000%)
read_lats: vec100: [2250, 3110, 3140, 3160, 3190, 3210, 3230, 3250, 3260, 3280, 3290, 3310, 3320, 3330, 3340, 3350, 3360, 3370, 3380, 3390, 3400, 3410, 3420, 3430, 3440, 3450, 3460, 3470, 3471, 3480, 3490, 3500, 3510, 3520, 3530, 3540, 3540, 3550, 3560, 3570, 3580, 3590, 3591, 3600, 3610, 3620, 3630, 3640, 3640, 3650, 3660, 3670, 3680, 3680, 3690, 3700, 3710, 3720, 3720, 3730, 3740, 3750, 3760, 3760, 3770, 3780, 3790, 3800, 3801, 3810, 3820, 3830, 3840, 3850, 3860, 3870, 3890, 3900, 3910, 3930, 3940, 3960, 3970, 3990, 4010, 4030, 4050, 4080, 4100, 4130, 4160, 4200, 4241, 4300, 4360, 4440, 4570, 4860, 6760, 8740, 26310, 8070461]
write_lats: vec100: [4630, 5140, 5280, 5380, 5450, 5510, 5570, 5610, 5650, 5690, 5721, 5760, 5790, 5820, 5850, 5871, 5900, 5930, 5950, 5971, 6000, 6020, 6041, 6070, 6090, 6110, 6130, 6150, 6170, 6191, 6211, 6231, 6251, 6271, 6291, 6311, 6331, 6351, 6371, 6390, 6410, 6430, 6450, 6470, 6490, 6510, 6530, 6550, 6570, 6590, 6610, 6630, 6650, 6670, 6690, 6710, 6730, 6750, 6770, 6791, 6820, 6840, 6860, 6881, 6910, 6930, 6960, 6980, 7010, 7031, 7060, 7090, 7120, 7150, 7180, 7211, 7250, 7281, 7320, 7360, 7400, 7440, 7480, 7520, 7570, 7611, 7661, 7720, 7770, 7830, 7891, 7960, 8031, 8110, 8210, 8320, 8461, 8671, 9050, 11280, 52691, 8469061]
                 avg          P99       P99.99         P100
Read         3.84μs      8.75μs     25.77μs       8.07ms
Write         6.83μs     11.29μs     37.76μs       8.47ms

=== bench_out7.dat ===
Monster: conflicts=14418, sync_failures=1155342, empty_requests=0, try_overtime=140573, check_overtime=23276, replicate_overtime=991493
Ops: 2010000  Time: 12.71s  Throughput: 158122.87 ops/sec
Dirty reads: 0 / 1005584 (0.000%)
read_lats: vec100: [2131, 3120, 3151, 3180, 3200, 3221, 3241, 3260, 3280, 3290, 3310, 3320, 3330, 3350, 3360, 3370, 3380, 3390, 3400, 3410, 3420, 3430, 3440, 3441, 3450, 3460, 3470, 3480, 3490, 3500, 3510, 3520, 3521, 3530, 3540, 3550, 3560, 3570, 3580, 3581, 3590, 3600, 3610, 3620, 3630, 3640, 3640, 3650, 3660, 3670, 3680, 3680, 3690, 3700, 3710, 3720, 3720, 3730, 3740, 3750, 3760, 3760, 3770, 3780, 3790, 3800, 3800, 3810, 3820, 3830, 3840, 3850, 3860, 3870, 3880, 3891, 3910, 3920, 3940, 3950, 3970, 3981, 4000, 4020, 4040, 4060, 4090, 4110, 4140, 4170, 4200, 4240, 4281, 4340, 4400, 4480, 4620, 4940, 6950, 8811, 26150, 8043461]
write_lats: vec100: [4620, 5120, 5260, 5360, 5440, 5500, 5550, 5600, 5640, 5680, 5720, 5750, 5780, 5810, 5840, 5870, 5891, 5920, 5950, 5970, 5990, 6020, 6040, 6060, 6081, 6110, 6130, 6150, 6170, 6190, 6210, 6230, 6250, 6270, 6290, 6310, 6330, 6350, 6370, 6390, 6410, 6430, 6450, 6470, 6490, 6510, 6530, 6550, 6570, 6590, 6610, 6630, 6650, 6670, 6690, 6710, 6731, 6760, 6780, 6800, 6820, 6850, 6870, 6890, 6920, 6940, 6970, 6990, 7020, 7050, 7071, 7100, 7130, 7160, 7200, 7230, 7260, 7300, 7340, 7371, 7410, 7451, 7500, 7540, 7590, 7640, 7690, 7740, 7800, 7860, 7920, 7990, 8070, 8150, 8250, 8370, 8530, 8770, 9250, 12501, 53211, 8385459]
                 avg          P99       P99.99         P100
Read         3.85μs      8.82μs     25.82μs       8.04ms
Write         6.86μs     12.51μs     39.79μs       8.39ms

=== bench_out8.dat ===
Monster: conflicts=18993, sync_failures=1148603, empty_requests=0, try_overtime=136680, check_overtime=22620, replicate_overtime=989303
Ops: 2010000  Time: 12.75s  Throughput: 157674.56 ops/sec
Dirty reads: 3 / 1006165 (0.000%)
  Dirty read avg latency: 1.56ms
read_lats: vec100: [2070, 3120, 3150, 3180, 3200, 3220, 3240, 3260, 3271, 3290, 3300, 3320, 3330, 3340, 3350, 3360, 3371, 3381, 3390, 3400, 3410, 3420, 3430, 3440, 3450, 3460, 3470, 3471, 3480, 3490, 3500, 3510, 3520, 3530, 3540, 3540, 3550, 3560, 3570, 3580, 3590, 3590, 3600, 3610, 3620, 3630, 3631, 3640, 3650, 3660, 3670, 3671, 3680, 3690, 3700, 3710, 3711, 3720, 3730, 3740, 3750, 3750, 3760, 3770, 3780, 3790, 3790, 3800, 3810, 3820, 3830, 3840, 3850, 3860, 3870, 3880, 3890, 3910, 3920, 3940, 3950, 3970, 3980, 4000, 4020, 4040, 4070, 4090, 4120, 4150, 4180, 4220, 4260, 4310, 4380, 4460, 4590, 4880, 6850, 8810, 26901, 7014325]
write_lats: vec100: [4610, 5120, 5260, 5360, 5440, 5500, 5550, 5600, 5640, 5680, 5720, 5750, 5780, 5810, 5840, 5870, 5891, 5920, 5941, 5970, 5990, 6020, 6040, 6060, 6080, 6110, 6130, 6150, 6170, 6190, 6210, 6230, 6250, 6270, 6290, 6310, 6330, 6350, 6370, 6390, 6410, 6430, 6450, 6470, 6490, 6510, 6530, 6550, 6570, 6590, 6610, 6630, 6650, 6670, 6690, 6710, 6730, 6751, 6780, 6800, 6820, 6840, 6861, 6890, 6910, 6940, 6960, 6990, 7011, 7040, 7070, 7100, 7130, 7160, 7190, 7230, 7260, 7300, 7331, 7370, 7410, 7451, 7500, 7540, 7590, 7640, 7690, 7740, 7800, 7860, 7930, 8000, 8080, 8170, 8270, 8400, 8580, 8880, 9720, 15131, 57422, 8855631]
                 avg          P99       P99.99         P100
Read         3.84μs      8.81μs     25.65μs       7.01ms
Write         6.89μs     15.15μs     46.38μs       8.86ms

Average throughput across all outputs: 160275.56
Average read latency across all outputs: 3.78 us
Average write latency across all outputs: 6.77 us
