Date: 20260518_1844
YCSB workload: workloada_1024_medium

============= RepCXL configuration =============
processes = "0-8"
logger_cluster_size = 3
algorithm = "async_best_effort"
pipeline = false
round_time = 1200 
read_retries = 10
core_affinity = "20-120" 
============= Benchmark Results =============

=== bench_out0.dat ===
Ops: 2010000  Time: 10.10s  Throughput: 198977.14 ops/sec
Dirty reads: 283 / 1004365 (0.028%)
  Dirty read avg latency: 1.15ms
read_lats: vec100: [2111, 3500, 3650, 3700, 3730, 3760, 3780, 3800, 3820, 3840, 3860, 3870, 3890, 3900, 3920, 3930, 3940, 3951, 3970, 3980, 3990, 4000, 4020, 4030, 4040, 4050, 4060, 4070, 4080, 4100, 4110, 4120, 4130, 4140, 4150, 4160, 4170, 4181, 4200, 4210, 4220, 4230, 4240, 4250, 4270, 4280, 4290, 4300, 4311, 4330, 4340, 4350, 4370, 4380, 4390, 4410, 4420, 4440, 4450, 4470, 4490, 4510, 4530, 4550, 4570, 4600, 4620, 4651, 4690, 4730, 4770, 4820, 4880, 4950, 5050, 5200, 5471, 6270, 8440, 8680, 8781, 8870, 8941, 9010, 9070, 9130, 9190, 9250, 9310, 9370, 9430, 9490, 9550, 9621, 9700, 9790, 9901, 10050, 10300, 14220, 1769984, 7848854]
write_lats: vec100: [1090, 1340, 1420, 1460, 1500, 1540, 1580, 1610, 1640, 1670, 1700, 1720, 1750, 1770, 1790, 1810, 1820, 1840, 1860, 1880, 1900, 1910, 1930, 1950, 1960, 1980, 1990, 2000, 2020, 2030, 2040, 2060, 2070, 2080, 2090, 2100, 2110, 2120, 2130, 2141, 2160, 2170, 2180, 2190, 2200, 2210, 2220, 2230, 2240, 2250, 2260, 2270, 2280, 2291, 2310, 2320, 2330, 2340, 2350, 2360, 2370, 2390, 2400, 2410, 2420, 2440, 2450, 2460, 2480, 2490, 2510, 2520, 2540, 2550, 2570, 2590, 2600, 2620, 2640, 2660, 2680, 2700, 2730, 2750, 2780, 2800, 2830, 2860, 2900, 2930, 2970, 3010, 3060, 3120, 3180, 3250, 3340, 3460, 3640, 3950, 9020, 3934448]
                 avg          P99       P99.99         P100
Read         5.87μs     14.29μs       1.50ms       7.85ms
Write         2.32μs      3.95μs      7.51μs       3.93ms

=== bench_out1.dat ===
Ops: 2010000  Time: 9.26s  Throughput: 217136.18 ops/sec
Dirty reads: 286 / 1005012 (0.028%)
  Dirty read avg latency: 1.17ms
read_lats: vec100: [2170, 3140, 3180, 3210, 3230, 3260, 3280, 3291, 3310, 3330, 3340, 3351, 3370, 3380, 3390, 3400, 3411, 3430, 3440, 3450, 3460, 3470, 3480, 3490, 3500, 3510, 3520, 3530, 3540, 3550, 3560, 3570, 3580, 3590, 3600, 3610, 3620, 3630, 3640, 3650, 3660, 3670, 3680, 3690, 3700, 3710, 3720, 3730, 3740, 3750, 3760, 3770, 3780, 3791, 3810, 3820, 3830, 3841, 3860, 3871, 3890, 3910, 3930, 3950, 3970, 4000, 4020, 4050, 4081, 4120, 4160, 4210, 4270, 4340, 4430, 4570, 4890, 6580, 8210, 8391, 8500, 8580, 8650, 8720, 8780, 8840, 8900, 8951, 9010, 9070, 9130, 9190, 9260, 9330, 9410, 9500, 9610, 9760, 10000, 12700, 2130123, 6038700]
write_lats: vec100: [1130, 1340, 1420, 1460, 1500, 1540, 1570, 1610, 1640, 1670, 1690, 1720, 1740, 1760, 1780, 1800, 1820, 1840, 1860, 1880, 1890, 1910, 1930, 1940, 1960, 1970, 1990, 2000, 2010, 2030, 2040, 2050, 2060, 2080, 2090, 2100, 2110, 2120, 2130, 2140, 2150, 2161, 2180, 2190, 2200, 2210, 2220, 2230, 2240, 2250, 2260, 2271, 2290, 2300, 2310, 2320, 2330, 2340, 2350, 2370, 2380, 2390, 2400, 2411, 2430, 2440, 2451, 2470, 2480, 2500, 2510, 2530, 2541, 2560, 2580, 2600, 2611, 2630, 2650, 2670, 2700, 2720, 2740, 2770, 2790, 2820, 2850, 2880, 2920, 2950, 2990, 3040, 3090, 3140, 3210, 3280, 3371, 3500, 3670, 3981, 7760, 4472401]
                 avg          P99       P99.99         P100
Read         5.38μs     12.73μs       1.48ms       6.04ms
Write         2.33μs      3.99μs      7.65μs       4.47ms

=== bench_out2.dat ===
Ops: 2010000  Time: 9.74s  Throughput: 206317.11 ops/sec
Dirty reads: 269 / 1003986 (0.027%)
  Dirty read avg latency: 1.19ms
read_lats: vec100: [2190, 3290, 3390, 3460, 3530, 3580, 3640, 3680, 3710, 3740, 3760, 3780, 3800, 3820, 3830, 3850, 3870, 3880, 3900, 3910, 3930, 3940, 3960, 3970, 3980, 3991, 4010, 4020, 4030, 4040, 4060, 4070, 4080, 4090, 4101, 4120, 4130, 4140, 4150, 4161, 4180, 4190, 4200, 4210, 4230, 4240, 4250, 4260, 4280, 4290, 4300, 4320, 4330, 4340, 4360, 4370, 4390, 4400, 4420, 4431, 4450, 4470, 4490, 4510, 4530, 4560, 4580, 4610, 4650, 4681, 4730, 4780, 4831, 4900, 5000, 5140, 5410, 6200, 8320, 8600, 8721, 8811, 8890, 8960, 9020, 9081, 9141, 9200, 9260, 9320, 9380, 9450, 9510, 9580, 9661, 9751, 9861, 10020, 10270, 14280, 1575079, 6473190]
write_lats: vec100: [1130, 1340, 1420, 1470, 1510, 1540, 1580, 1611, 1640, 1670, 1700, 1720, 1750, 1770, 1790, 1810, 1830, 1850, 1870, 1890, 1900, 1920, 1940, 1950, 1970, 1980, 2000, 2010, 2030, 2040, 2050, 2070, 2080, 2090, 2100, 2110, 2121, 2140, 2150, 2160, 2170, 2180, 2190, 2200, 2211, 2230, 2240, 2250, 2260, 2270, 2280, 2290, 2300, 2320, 2330, 2340, 2350, 2360, 2370, 2390, 2400, 2410, 2420, 2440, 2450, 2460, 2480, 2490, 2510, 2520, 2540, 2550, 2570, 2590, 2600, 2620, 2640, 2660, 2680, 2700, 2720, 2750, 2770, 2790, 2820, 2850, 2880, 2910, 2940, 2980, 3020, 3070, 3120, 3170, 3240, 3310, 3410, 3530, 3700, 4010, 11380, 1833016]
                 avg          P99       P99.99         P100
Read         5.81μs     14.35μs       1.47ms       6.47ms
Write         2.34μs      4.01μs      7.88μs       1.83ms

=== bench_out3.dat ===
Ops: 2010000  Time: 9.73s  Throughput: 206666.34 ops/sec
Dirty reads: 282 / 1005471 (0.028%)
  Dirty read avg latency: 1.16ms
read_lats: vec100: [2250, 3340, 3450, 3530, 3600, 3660, 3700, 3730, 3750, 3770, 3790, 3810, 3830, 3850, 3861, 3880, 3900, 3910, 3921, 3940, 3950, 3961, 3980, 3990, 4000, 4020, 4030, 4040, 4050, 4060, 4080, 4090, 4100, 4110, 4120, 4131, 4150, 4160, 4170, 4180, 4190, 4210, 4220, 4230, 4240, 4250, 4270, 4280, 4290, 4301, 4320, 4330, 4350, 4360, 4370, 4390, 4400, 4420, 4431, 4450, 4470, 4490, 4510, 4530, 4550, 4580, 4610, 4640, 4670, 4710, 4750, 4801, 4861, 4940, 5040, 5201, 5531, 6460, 8400, 8620, 8730, 8820, 8890, 8960, 9020, 9081, 9140, 9200, 9260, 9320, 9380, 9440, 9510, 9580, 9660, 9750, 9860, 10010, 10261, 14501, 1711302, 6873051]
write_lats: vec100: [1080, 1340, 1420, 1460, 1500, 1540, 1580, 1610, 1640, 1670, 1691, 1720, 1740, 1770, 1790, 1801, 1820, 1840, 1860, 1880, 1900, 1910, 1930, 1950, 1960, 1980, 1990, 2010, 2020, 2030, 2050, 2060, 2070, 2080, 2100, 2110, 2120, 2130, 2140, 2150, 2160, 2170, 2190, 2200, 2210, 2220, 2230, 2240, 2250, 2260, 2271, 2290, 2300, 2310, 2320, 2330, 2340, 2360, 2370, 2380, 2390, 2400, 2420, 2430, 2440, 2460, 2470, 2480, 2500, 2510, 2530, 2540, 2560, 2580, 2590, 2610, 2630, 2650, 2670, 2690, 2710, 2730, 2760, 2780, 2810, 2840, 2870, 2900, 2930, 2970, 3010, 3050, 3100, 3160, 3221, 3300, 3390, 3510, 3690, 4000, 9060, 1383024]
                 avg          P99       P99.99         P100
Read         5.84μs     14.56μs       1.48ms       6.87ms
Write         2.33μs      4.00μs      7.58μs       1.38ms

=== bench_out4.dat ===
Ops: 2010000  Time: 10.14s  Throughput: 198262.23 ops/sec
Dirty reads: 262 / 1004256 (0.026%)
  Dirty read avg latency: 1.16ms
read_lats: vec100: [2260, 3300, 3400, 3470, 3530, 3580, 3630, 3670, 3700, 3730, 3760, 3780, 3800, 3820, 3841, 3861, 3881, 3901, 3920, 3940, 3960, 3971, 3990, 4010, 4020, 4040, 4060, 4070, 4090, 4100, 4120, 4130, 4150, 4160, 4180, 4190, 4210, 4220, 4240, 4251, 4270, 4281, 4300, 4320, 4330, 4350, 4361, 4380, 4400, 4420, 4430, 4450, 4470, 4490, 4510, 4540, 4560, 4590, 4610, 4640, 4671, 4710, 4750, 4790, 4840, 4890, 4950, 5030, 5130, 5280, 5560, 6450, 8260, 8481, 8600, 8681, 8751, 8820, 8870, 8921, 8980, 9021, 9070, 9120, 9161, 9210, 9260, 9310, 9360, 9410, 9461, 9520, 9581, 9650, 9730, 9820, 9940, 10090, 10370, 15290, 1764064, 9271109]
write_lats: vec100: [1120, 1320, 1400, 1440, 1470, 1510, 1540, 1571, 1601, 1630, 1660, 1680, 1710, 1730, 1750, 1770, 1790, 1800, 1820, 1840, 1860, 1870, 1890, 1910, 1920, 1940, 1951, 1970, 1990, 2000, 2011, 2030, 2040, 2060, 2070, 2080, 2100, 2110, 2120, 2130, 2150, 2160, 2170, 2190, 2200, 2210, 2221, 2240, 2250, 2260, 2280, 2290, 2301, 2320, 2330, 2350, 2360, 2370, 2390, 2400, 2420, 2430, 2450, 2460, 2480, 2490, 2510, 2530, 2540, 2560, 2580, 2600, 2620, 2640, 2660, 2680, 2700, 2720, 2750, 2770, 2800, 2820, 2850, 2880, 2910, 2940, 2980, 3020, 3060, 3100, 3140, 3191, 3250, 3310, 3390, 3470, 3570, 3700, 3881, 4210, 8490, 28651]
                 avg          P99       P99.99         P100
Read         6.13μs     15.33μs       1.45ms       9.27ms
Write         2.36μs      4.21μs      7.69μs     28.65μs

=== bench_out5.dat ===
Ops: 2010000  Time: 9.77s  Throughput: 205666.23 ops/sec
Dirty reads: 256 / 1003847 (0.026%)
  Dirty read avg latency: 1.12ms
read_lats: vec100: [2120, 3180, 3230, 3270, 3310, 3330, 3360, 3380, 3400, 3410, 3430, 3450, 3460, 3480, 3490, 3510, 3520, 3540, 3550, 3561, 3580, 3590, 3600, 3620, 3630, 3640, 3650, 3670, 3680, 3690, 3700, 3710, 3721, 3740, 3750, 3760, 3770, 3780, 3791, 3810, 3820, 3830, 3850, 3860, 3870, 3890, 3901, 3920, 3940, 3960, 3970, 3990, 4010, 4031, 4060, 4080, 4100, 4130, 4160, 4190, 4220, 4250, 4290, 4330, 4380, 4430, 4490, 4560, 4670, 4820, 5100, 6231, 8060, 8271, 8381, 8470, 8540, 8600, 8660, 8710, 8760, 8810, 8851, 8900, 8950, 8990, 9040, 9090, 9140, 9190, 9240, 9300, 9361, 9430, 9501, 9600, 9710, 9851, 10111, 14500, 1736563, 7281860]
write_lats: vec100: [1100, 1330, 1410, 1441, 1480, 1520, 1550, 1590, 1620, 1640, 1670, 1690, 1720, 1740, 1760, 1780, 1800, 1810, 1830, 1850, 1870, 1880, 1900, 1920, 1930, 1950, 1960, 1980, 1991, 2010, 2020, 2040, 2050, 2070, 2080, 2090, 2110, 2120, 2130, 2150, 2160, 2170, 2180, 2200, 2210, 2220, 2240, 2250, 2260, 2280, 2290, 2300, 2311, 2330, 2340, 2360, 2370, 2380, 2400, 2410, 2430, 2440, 2460, 2470, 2490, 2500, 2520, 2540, 2560, 2570, 2590, 2610, 2630, 2650, 2670, 2690, 2710, 2731, 2760, 2780, 2810, 2831, 2860, 2890, 2920, 2960, 2990, 3030, 3061, 3110, 3150, 3200, 3260, 3320, 3390, 3480, 3580, 3710, 3900, 4220, 7860, 21471]
                 avg          P99       P99.99         P100
Read         5.76μs     14.54μs       1.37ms       7.28ms
Write         2.37μs      4.22μs      7.48μs     21.47μs

=== bench_out6.dat ===
Ops: 2010000  Time: 10.07s  Throughput: 199526.16 ops/sec
Dirty reads: 276 / 1005078 (0.027%)
  Dirty read avg latency: 1.13ms
read_lats: vec100: [2150, 3440, 3500, 3550, 3581, 3620, 3641, 3670, 3690, 3710, 3730, 3750, 3761, 3780, 3800, 3810, 3830, 3840, 3860, 3871, 3890, 3900, 3920, 3930, 3950, 3960, 3980, 3990, 4010, 4020, 4040, 4050, 4070, 4080, 4100, 4110, 4130, 4140, 4160, 4170, 4190, 4200, 4220, 4230, 4250, 4270, 4280, 4300, 4320, 4331, 4350, 4370, 4390, 4410, 4430, 4450, 4470, 4500, 4520, 4550, 4580, 4610, 4650, 4690, 4731, 4790, 4850, 4920, 5011, 5150, 5410, 6300, 8350, 8590, 8690, 8770, 8840, 8900, 8950, 9001, 9051, 9101, 9150, 9200, 9240, 9290, 9340, 9390, 9431, 9481, 9540, 9591, 9651, 9720, 9800, 9890, 10000, 10150, 10430, 15270, 1646701, 7487226]
write_lats: vec100: [1110, 1330, 1410, 1440, 1480, 1520, 1550, 1580, 1610, 1640, 1660, 1690, 1710, 1730, 1750, 1770, 1790, 1810, 1830, 1840, 1860, 1880, 1890, 1910, 1930, 1940, 1960, 1970, 1990, 2001, 2020, 2030, 2050, 2060, 2080, 2090, 2100, 2120, 2130, 2140, 2151, 2170, 2180, 2190, 2210, 2220, 2230, 2250, 2260, 2270, 2290, 2300, 2310, 2330, 2340, 2360, 2370, 2380, 2400, 2410, 2430, 2440, 2460, 2470, 2490, 2510, 2520, 2540, 2560, 2580, 2590, 2610, 2630, 2650, 2670, 2690, 2720, 2740, 2760, 2790, 2810, 2840, 2870, 2900, 2930, 2960, 2990, 3030, 3070, 3110, 3160, 3210, 3270, 3330, 3400, 3490, 3590, 3720, 3910, 4230, 8940, 7117085]
                 avg          P99       P99.99         P100
Read         6.11μs     15.32μs       1.42ms       7.49ms
Write         2.38μs      4.23μs      7.46μs       7.12ms

=== bench_out7.dat ===
Ops: 2010000  Time: 10.09s  Throughput: 199151.88 ops/sec
Dirty reads: 264 / 1005584 (0.026%)
  Dirty read avg latency: 1.10ms
read_lats: vec100: [2060, 3430, 3500, 3540, 3580, 3610, 3640, 3660, 3680, 3700, 3720, 3740, 3760, 3780, 3790, 3810, 3820, 3840, 3850, 3870, 3880, 3900, 3910, 3930, 3940, 3960, 3970, 3990, 4000, 4020, 4030, 4050, 4060, 4080, 4090, 4110, 4120, 4140, 4150, 4170, 4180, 4200, 4210, 4230, 4241, 4260, 4280, 4291, 4310, 4330, 4350, 4370, 4381, 4401, 4421, 4441, 4470, 4490, 4511, 4540, 4570, 4601, 4640, 4680, 4730, 4780, 4840, 4910, 5000, 5130, 5350, 5961, 7940, 8560, 8680, 8760, 8831, 8891, 8950, 9000, 9050, 9100, 9150, 9191, 9240, 9290, 9331, 9381, 9430, 9480, 9540, 9590, 9651, 9720, 9800, 9890, 10000, 10150, 10411, 15011, 1468807, 6678625]
write_lats: vec100: [1130, 1330, 1410, 1450, 1480, 1520, 1550, 1580, 1610, 1640, 1660, 1690, 1710, 1730, 1760, 1770, 1790, 1810, 1830, 1841, 1860, 1880, 1900, 1910, 1930, 1950, 1960, 1980, 1990, 2010, 2020, 2040, 2050, 2070, 2080, 2090, 2110, 2120, 2130, 2150, 2160, 2170, 2190, 2200, 2210, 2230, 2240, 2250, 2270, 2280, 2290, 2310, 2320, 2331, 2350, 2360, 2380, 2390, 2410, 2420, 2440, 2450, 2470, 2480, 2500, 2520, 2530, 2550, 2570, 2590, 2601, 2620, 2640, 2660, 2680, 2701, 2730, 2750, 2770, 2800, 2820, 2850, 2880, 2910, 2940, 2970, 3000, 3040, 3080, 3120, 3170, 3220, 3270, 3340, 3410, 3490, 3590, 3720, 3901, 4220, 9610, 7287931]
                 avg          P99       P99.99         P100
Read         6.07μs     15.10μs       1.37ms       6.68ms
Write         2.39μs      4.22μs      7.77μs       7.29ms

=== bench_out8.dat ===
Ops: 2010000  Time: 10.02s  Throughput: 200597.56 ops/sec
Dirty reads: 284 / 1006165 (0.028%)
  Dirty read avg latency: 1.09ms
read_lats: vec100: [2180, 3420, 3470, 3510, 3540, 3560, 3590, 3610, 3620, 3640, 3660, 3670, 3690, 3700, 3710, 3730, 3740, 3750, 3760, 3770, 3790, 3800, 3810, 3820, 3830, 3840, 3850, 3870, 3880, 3890, 3900, 3910, 3930, 3940, 3950, 3961, 3980, 3990, 4001, 4020, 4030, 4050, 4060, 4080, 4090, 4110, 4120, 4140, 4160, 4170, 4190, 4210, 4230, 4250, 4270, 4290, 4310, 4331, 4360, 4380, 4410, 4440, 4470, 4510, 4550, 4590, 4650, 4720, 4800, 4911, 5091, 5550, 7510, 8550, 8680, 8770, 8841, 8910, 8961, 9020, 9070, 9120, 9161, 9210, 9260, 9310, 9351, 9400, 9450, 9500, 9551, 9610, 9670, 9740, 9811, 9901, 10020, 10161, 10430, 14950, 1664101, 6586263]
write_lats: vec100: [1070, 1340, 1410, 1450, 1490, 1520, 1560, 1590, 1620, 1650, 1670, 1700, 1720, 1740, 1760, 1780, 1800, 1820, 1840, 1860, 1870, 1890, 1910, 1920, 1940, 1960, 1970, 1990, 2000, 2020, 2030, 2050, 2060, 2071, 2090, 2100, 2120, 2130, 2140, 2160, 2170, 2180, 2200, 2210, 2220, 2240, 2250, 2260, 2280, 2290, 2300, 2320, 2330, 2340, 2360, 2370, 2390, 2400, 2410, 2430, 2440, 2460, 2471, 2490, 2510, 2520, 2540, 2560, 2580, 2591, 2610, 2630, 2650, 2670, 2690, 2720, 2740, 2760, 2780, 2810, 2831, 2860, 2890, 2920, 2950, 2980, 3020, 3051, 3091, 3140, 3180, 3231, 3290, 3350, 3430, 3510, 3620, 3750, 3930, 4251, 8640, 6772967]
                 avg          P99       P99.99         P100
Read         6.00μs     15.02μs       1.39ms       6.59ms
Write         2.40μs      4.26μs      7.70μs       6.77ms

Average throughput across all outputs: 203590.00
Average read latency across all outputs: 5.89 us
Average write latency across all outputs: 2.36 us
