Date: 20260519_1531
YCSB workload: workloada_1024_medium

============= RepCXL configuration =============
processes = "0-8"
logger_cluster_size = 3
algorithm = "lock"
pipeline = false
round_time = 1300 
read_retries = 10
core_affinity = "20-120" 
============= Benchmark Results =============

=== bench_out0.dat ===
Ops: 2010000  Time: 12.46s  Throughput: 161255.63 ops/sec
Dirty reads: 0 / 1004365 (0.000%)
read_lats: vec100: [4080, 4830, 4910, 4930, 4931, 4940, 4950, 4951, 4960, 4970, 4970, 4980, 4980, 4990, 4990, 5000, 5000, 5010, 5010, 5020, 5030, 5031, 5040, 5050, 5060, 5070, 5071, 5080, 5090, 5100, 5110, 5120, 5130, 5131, 5140, 5150, 5160, 5170, 5180, 5190, 5200, 5210, 5220, 5230, 5240, 5241, 5251, 5260, 5270, 5280, 5291, 5310, 5320, 5330, 5340, 5351, 5370, 5380, 5400, 5410, 5430, 5441, 5460, 5480, 5500, 5520, 5540, 5560, 5580, 5610, 5630, 5660, 5680, 5700, 5720, 5740, 5760, 5780, 5800, 5820, 5840, 5861, 5890, 5910, 5930, 5950, 5980, 6000, 6030, 6060, 6081, 6120, 6150, 6191, 6240, 6300, 6380, 6520, 7180, 8701, 18981, 8655775]
write_lats: vec100: [2951, 3710, 3800, 3850, 3900, 3930, 3950, 3970, 3990, 4010, 4030, 4040, 4060, 4070, 4090, 4100, 4110, 4121, 4140, 4150, 4160, 4170, 4181, 4200, 4210, 4220, 4230, 4240, 4250, 4260, 4270, 4280, 4290, 4300, 4311, 4321, 4340, 4350, 4360, 4370, 4380, 4390, 4400, 4410, 4420, 4430, 4440, 4450, 4460, 4471, 4490, 4500, 4510, 4520, 4530, 4540, 4560, 4570, 4580, 4590, 4601, 4620, 4630, 4641, 4660, 4670, 4690, 4700, 4711, 4730, 4750, 4760, 4780, 4800, 4811, 4830, 4850, 4870, 4890, 4910, 4931, 4960, 4980, 5010, 5031, 5060, 5091, 5130, 5160, 5200, 5240, 5281, 5330, 5390, 5450, 5520, 5610, 5730, 5920, 6400, 14350, 8093671]
                 avg          P99       P99.99         P100
Read         5.55μs      8.72μs     17.69μs       8.66ms
Write         4.64μs      6.40μs     11.99μs       8.09ms

=== bench_out1.dat ===
Ops: 2010000  Time: 12.41s  Throughput: 162019.62 ops/sec
Dirty reads: 0 / 1005012 (0.000%)
read_lats: vec100: [4060, 4840, 4911, 4930, 4940, 4940, 4950, 4960, 4960, 4970, 4970, 4980, 4980, 4990, 4990, 5000, 5000, 5010, 5020, 5020, 5030, 5040, 5041, 5050, 5060, 5070, 5080, 5081, 5090, 5100, 5110, 5120, 5130, 5140, 5150, 5160, 5170, 5171, 5181, 5190, 5200, 5210, 5220, 5230, 5240, 5250, 5260, 5270, 5280, 5290, 5300, 5310, 5320, 5331, 5350, 5360, 5370, 5390, 5400, 5420, 5430, 5450, 5470, 5481, 5500, 5520, 5540, 5570, 5590, 5610, 5640, 5660, 5680, 5700, 5720, 5740, 5760, 5780, 5801, 5830, 5850, 5870, 5890, 5910, 5940, 5960, 5980, 6010, 6030, 6060, 6090, 6120, 6160, 6200, 6250, 6310, 6390, 6530, 7210, 8710, 26191, 6474660]
write_lats: vec100: [2870, 3710, 3790, 3840, 3880, 3910, 3940, 3960, 3980, 4000, 4020, 4030, 4050, 4060, 4080, 4090, 4110, 4120, 4130, 4150, 4160, 4170, 4180, 4191, 4210, 4220, 4230, 4240, 4250, 4260, 4280, 4290, 4300, 4310, 4320, 4330, 4340, 4350, 4361, 4380, 4390, 4400, 4410, 4420, 4431, 4450, 4460, 4470, 4480, 4490, 4510, 4520, 4530, 4540, 4551, 4570, 4580, 4591, 4610, 4620, 4640, 4650, 4670, 4680, 4700, 4710, 4730, 4740, 4760, 4771, 4790, 4810, 4830, 4850, 4861, 4881, 4901, 4930, 4950, 4970, 4990, 5020, 5040, 5070, 5100, 5121, 5160, 5190, 5221, 5260, 5300, 5350, 5391, 5450, 5510, 5580, 5670, 5790, 5980, 6430, 12431, 7804523]
                 avg          P99       P99.99         P100
Read         5.51μs      8.71μs     17.94μs       6.47ms
Write         4.70μs      6.44μs     12.11μs       7.80ms

=== bench_out2.dat ===
Ops: 2010000  Time: 12.38s  Throughput: 162358.72 ops/sec
Dirty reads: 0 / 1003986 (0.000%)
read_lats: vec100: [3930, 4790, 4911, 4930, 4940, 4950, 4950, 4960, 4960, 4970, 4970, 4980, 4980, 4990, 4990, 5000, 5000, 5010, 5011, 5020, 5030, 5040, 5040, 5050, 5060, 5070, 5071, 5080, 5090, 5100, 5110, 5120, 5130, 5140, 5141, 5151, 5161, 5170, 5180, 5190, 5200, 5210, 5220, 5230, 5240, 5250, 5260, 5261, 5271, 5281, 5300, 5310, 5320, 5330, 5340, 5360, 5370, 5381, 5400, 5410, 5430, 5441, 5460, 5480, 5500, 5520, 5540, 5560, 5580, 5610, 5630, 5660, 5680, 5700, 5720, 5740, 5760, 5780, 5800, 5820, 5840, 5861, 5890, 5910, 5930, 5951, 5980, 6000, 6030, 6051, 6081, 6120, 6151, 6191, 6240, 6300, 6380, 6510, 7160, 8690, 18781, 5148137]
write_lats: vec100: [2840, 3700, 3780, 3840, 3880, 3920, 3940, 3961, 3980, 4000, 4020, 4030, 4050, 4060, 4080, 4090, 4100, 4120, 4130, 4140, 4150, 4161, 4180, 4190, 4200, 4210, 4220, 4230, 4240, 4250, 4261, 4280, 4290, 4300, 4310, 4320, 4330, 4340, 4350, 4360, 4370, 4380, 4391, 4410, 4420, 4430, 4440, 4450, 4460, 4470, 4490, 4500, 4510, 4520, 4531, 4550, 4560, 4570, 4590, 4600, 4610, 4630, 4640, 4651, 4670, 4681, 4700, 4711, 4730, 4750, 4761, 4780, 4800, 4820, 4840, 4860, 4880, 4900, 4920, 4940, 4960, 4990, 5010, 5040, 5070, 5091, 5130, 5160, 5190, 5230, 5270, 5311, 5360, 5420, 5480, 5550, 5640, 5760, 5950, 6420, 2362518, 7745162]
                 avg          P99       P99.99         P100
Read         5.50μs      8.71μs     18.32μs       5.15ms
Write         4.66μs      6.42μs     12.11μs       7.75ms

=== bench_out3.dat ===
Ops: 2010000  Time: 12.45s  Throughput: 161394.74 ops/sec
Dirty reads: 0 / 1005471 (0.000%)
read_lats: vec100: [3950, 4840, 4930, 4940, 4941, 4950, 4960, 4960, 4970, 4970, 4971, 4980, 4980, 4990, 4990, 5000, 5000, 5010, 5020, 5020, 5030, 5040, 5041, 5050, 5060, 5070, 5080, 5090, 5090, 5100, 5110, 5120, 5130, 5140, 5150, 5160, 5170, 5171, 5181, 5191, 5200, 5210, 5220, 5230, 5240, 5250, 5260, 5270, 5280, 5290, 5300, 5310, 5320, 5330, 5341, 5360, 5370, 5390, 5400, 5411, 5430, 5450, 5461, 5480, 5500, 5520, 5540, 5560, 5590, 5610, 5640, 5660, 5680, 5700, 5720, 5740, 5760, 5780, 5800, 5821, 5850, 5870, 5890, 5910, 5931, 5960, 5980, 6001, 6030, 6060, 6090, 6120, 6160, 6200, 6241, 6300, 6380, 6520, 7201, 8730, 18821, 7649070]
write_lats: vec100: [2960, 3710, 3791, 3850, 3890, 3920, 3950, 3970, 3990, 4010, 4020, 4040, 4051, 4070, 4080, 4100, 4110, 4121, 4140, 4150, 4160, 4170, 4181, 4200, 4210, 4220, 4230, 4240, 4250, 4260, 4270, 4281, 4300, 4310, 4320, 4330, 4340, 4350, 4360, 4370, 4380, 4390, 4400, 4411, 4430, 4440, 4450, 4460, 4470, 4480, 4490, 4510, 4520, 4530, 4540, 4551, 4570, 4580, 4590, 4610, 4620, 4630, 4650, 4660, 4680, 4690, 4710, 4720, 4740, 4750, 4770, 4790, 4801, 4820, 4840, 4860, 4880, 4900, 4920, 4941, 4970, 4990, 5020, 5040, 5070, 5100, 5130, 5170, 5200, 5240, 5280, 5330, 5371, 5430, 5490, 5560, 5650, 5770, 5960, 6420, 16471, 7995219]
                 avg          P99       P99.99         P100
Read         5.54μs      8.74μs     18.10μs       7.65ms
Write         4.68μs      6.42μs     11.94μs       8.00ms

=== bench_out4.dat ===
Ops: 2010000  Time: 12.49s  Throughput: 160911.45 ops/sec
Dirty reads: 0 / 1004256 (0.000%)
read_lats: vec100: [3940, 4871, 4921, 4940, 4950, 4960, 4970, 4980, 4990, 4990, 5000, 5010, 5011, 5020, 5030, 5031, 5040, 5050, 5051, 5060, 5070, 5080, 5090, 5090, 5100, 5110, 5120, 5130, 5131, 5140, 5150, 5160, 5170, 5180, 5181, 5190, 5200, 5210, 5220, 5230, 5240, 5250, 5260, 5270, 5271, 5281, 5291, 5301, 5320, 5330, 5340, 5350, 5360, 5371, 5390, 5400, 5420, 5430, 5441, 5460, 5480, 5491, 5510, 5530, 5550, 5570, 5590, 5610, 5631, 5660, 5680, 5700, 5721, 5750, 5770, 5790, 5811, 5840, 5860, 5880, 5910, 5930, 5950, 5980, 6000, 6030, 6050, 6080, 6110, 6140, 6170, 6210, 6241, 6290, 6340, 6400, 6490, 6640, 7231, 8780, 20411, 8108452]
write_lats: vec100: [2770, 3651, 3750, 3800, 3850, 3880, 3910, 3940, 3960, 3980, 3990, 4010, 4030, 4040, 4060, 4070, 4090, 4100, 4110, 4130, 4140, 4150, 4160, 4180, 4190, 4200, 4210, 4220, 4231, 4250, 4260, 4270, 4280, 4290, 4300, 4311, 4330, 4340, 4350, 4360, 4370, 4380, 4400, 4410, 4420, 4430, 4440, 4451, 4470, 4480, 4490, 4500, 4520, 4530, 4540, 4560, 4570, 4581, 4600, 4610, 4630, 4640, 4660, 4670, 4690, 4701, 4720, 4740, 4751, 4770, 4790, 4810, 4830, 4850, 4870, 4890, 4910, 4930, 4960, 4980, 5010, 5030, 5060, 5090, 5120, 5150, 5190, 5220, 5260, 5300, 5350, 5400, 5450, 5510, 5580, 5660, 5751, 5890, 6080, 6520, 13140, 7669831]
                 avg          P99       P99.99         P100
Read         5.63μs      8.79μs     18.45μs       8.11ms
Write         4.67μs      6.52μs     11.64μs       7.67ms

=== bench_out5.dat ===
Ops: 2010000  Time: 12.40s  Throughput: 162056.39 ops/sec
Dirty reads: 0 / 1003847 (0.000%)
read_lats: vec100: [3960, 4811, 4890, 4910, 4920, 4930, 4940, 4941, 4950, 4960, 4970, 4970, 4980, 4990, 4990, 5000, 5010, 5010, 5020, 5030, 5040, 5040, 5050, 5060, 5070, 5080, 5080, 5090, 5100, 5110, 5120, 5121, 5130, 5140, 5150, 5160, 5170, 5180, 5190, 5191, 5200, 5210, 5220, 5230, 5240, 5250, 5260, 5270, 5280, 5290, 5300, 5320, 5330, 5340, 5350, 5370, 5380, 5391, 5410, 5421, 5440, 5460, 5471, 5490, 5510, 5530, 5551, 5580, 5600, 5620, 5650, 5670, 5690, 5710, 5731, 5760, 5780, 5800, 5830, 5850, 5870, 5900, 5920, 5940, 5970, 5990, 6020, 6040, 6070, 6100, 6131, 6170, 6210, 6250, 6300, 6360, 6450, 6600, 7180, 8710, 20660, 7575848]
write_lats: vec100: [2860, 3650, 3740, 3800, 3840, 3871, 3901, 3930, 3950, 3970, 3990, 4000, 4020, 4031, 4050, 4060, 4080, 4090, 4100, 4120, 4130, 4140, 4150, 4160, 4180, 4190, 4200, 4210, 4220, 4230, 4240, 4250, 4261, 4280, 4290, 4300, 4310, 4320, 4330, 4340, 4350, 4360, 4371, 4390, 4400, 4410, 4420, 4430, 4440, 4460, 4470, 4480, 4490, 4501, 4520, 4530, 4540, 4551, 4570, 4580, 4600, 4610, 4620, 4640, 4650, 4670, 4680, 4700, 4720, 4730, 4750, 4770, 4790, 4810, 4821, 4850, 4870, 4890, 4910, 4931, 4960, 4980, 5010, 5040, 5070, 5100, 5140, 5170, 5210, 5250, 5300, 5350, 5400, 5460, 5530, 5611, 5710, 5841, 6040, 6490, 12841, 7889716]
                 avg          P99       P99.99         P100
Read         5.54μs      8.72μs     18.16μs       7.58ms
Write         4.67μs      6.50μs     11.87μs       7.89ms

=== bench_out6.dat ===
Ops: 2010000  Time: 12.40s  Throughput: 162067.42 ops/sec
Dirty reads: 0 / 1005078 (0.000%)
read_lats: vec100: [3950, 4860, 4910, 4920, 4930, 4940, 4950, 4960, 4970, 4970, 4980, 4990, 4990, 5000, 5010, 5010, 5020, 5030, 5030, 5040, 5050, 5060, 5061, 5070, 5080, 5090, 5100, 5101, 5110, 5120, 5130, 5140, 5150, 5151, 5160, 5170, 5180, 5190, 5200, 5210, 5220, 5230, 5231, 5241, 5250, 5260, 5270, 5280, 5291, 5310, 5320, 5330, 5340, 5350, 5370, 5380, 5390, 5410, 5420, 5440, 5451, 5470, 5490, 5510, 5530, 5550, 5570, 5590, 5611, 5640, 5660, 5680, 5701, 5730, 5750, 5770, 5791, 5820, 5840, 5860, 5890, 5910, 5930, 5960, 5980, 6001, 6030, 6060, 6090, 6120, 6150, 6180, 6220, 6261, 6311, 6380, 6470, 6620, 7210, 8830, 18821, 8054610]
write_lats: vec100: [2801, 3650, 3750, 3800, 3840, 3880, 3910, 3930, 3950, 3970, 3990, 4010, 4020, 4040, 4050, 4070, 4080, 4090, 4110, 4120, 4130, 4150, 4160, 4170, 4180, 4190, 4200, 4211, 4230, 4240, 4250, 4260, 4270, 4280, 4290, 4300, 4320, 4330, 4340, 4350, 4360, 4370, 4380, 4391, 4410, 4420, 4430, 4440, 4450, 4461, 4480, 4490, 4500, 4510, 4530, 4540, 4550, 4570, 4580, 4590, 4610, 4620, 4631, 4650, 4661, 4680, 4700, 4710, 4730, 4741, 4760, 4780, 4800, 4820, 4840, 4860, 4880, 4900, 4920, 4950, 4970, 5000, 5020, 5050, 5080, 5110, 5150, 5180, 5220, 5260, 5310, 5351, 5410, 5470, 5531, 5620, 5710, 5841, 6040, 6480, 26301, 7803784]
                 avg          P99       P99.99         P100
Read         5.57μs      8.85μs     18.31μs       8.05ms
Write         4.68μs      6.48μs     11.85μs       7.80ms

=== bench_out7.dat ===
Ops: 2010000  Time: 12.45s  Throughput: 161500.78 ops/sec
Dirty reads: 0 / 1005584 (0.000%)
read_lats: vec100: [3940, 4850, 4900, 4910, 4920, 4930, 4940, 4950, 4960, 4960, 4970, 4980, 4980, 4990, 5000, 5000, 5010, 5020, 5020, 5030, 5040, 5050, 5051, 5060, 5070, 5080, 5090, 5091, 5100, 5110, 5120, 5130, 5140, 5141, 5150, 5160, 5170, 5180, 5190, 5200, 5210, 5220, 5221, 5231, 5240, 5250, 5260, 5270, 5281, 5291, 5310, 5320, 5330, 5340, 5360, 5370, 5380, 5400, 5410, 5430, 5441, 5460, 5480, 5500, 5520, 5540, 5560, 5580, 5610, 5630, 5650, 5670, 5700, 5720, 5740, 5760, 5781, 5810, 5830, 5851, 5880, 5900, 5921, 5950, 5970, 6000, 6021, 6050, 6080, 6110, 6140, 6180, 6220, 6260, 6310, 6380, 6460, 6611, 7191, 8761, 18770, 7064545]
write_lats: vec100: [2730, 3660, 3750, 3810, 3850, 3890, 3920, 3940, 3960, 3980, 4000, 4010, 4030, 4040, 4060, 4070, 4090, 4100, 4110, 4130, 4140, 4150, 4160, 4170, 4190, 4200, 4210, 4220, 4230, 4240, 4250, 4260, 4271, 4290, 4300, 4310, 4320, 4330, 4340, 4350, 4360, 4371, 4390, 4400, 4410, 4420, 4430, 4440, 4460, 4470, 4480, 4490, 4501, 4520, 4530, 4540, 4560, 4570, 4580, 4600, 4610, 4620, 4640, 4650, 4670, 4680, 4700, 4720, 4730, 4750, 4770, 4781, 4800, 4820, 4840, 4860, 4880, 4910, 4930, 4950, 4980, 5000, 5030, 5060, 5090, 5120, 5160, 5190, 5230, 5270, 5320, 5370, 5420, 5480, 5550, 5630, 5730, 5860, 6060, 6500, 30810, 7834445]
                 avg          P99       P99.99         P100
Read         5.55μs      8.78μs     18.20μs       7.06ms
Write         4.66μs      6.50μs     11.83μs       7.83ms

=== bench_out8.dat ===
Ops: 2010000  Time: 12.42s  Throughput: 161789.68 ops/sec
Dirty reads: 0 / 1006165 (0.000%)
read_lats: vec100: [3920, 4850, 4910, 4920, 4930, 4940, 4950, 4950, 4960, 4961, 4970, 4980, 4980, 4990, 4991, 5000, 5010, 5020, 5020, 5030, 5040, 5050, 5051, 5060, 5070, 5080, 5090, 5091, 5100, 5110, 5120, 5130, 5140, 5141, 5150, 5160, 5170, 5180, 5190, 5200, 5210, 5211, 5220, 5230, 5240, 5250, 5260, 5270, 5280, 5290, 5301, 5320, 5330, 5340, 5351, 5370, 5380, 5391, 5410, 5421, 5440, 5460, 5480, 5491, 5510, 5531, 5551, 5580, 5600, 5621, 5650, 5670, 5690, 5710, 5740, 5760, 5780, 5801, 5830, 5850, 5871, 5900, 5920, 5950, 5970, 5991, 6020, 6050, 6071, 6101, 6140, 6170, 6210, 6260, 6310, 6370, 6460, 6610, 7201, 8750, 18731, 10984822]
write_lats: vec100: [2900, 3650, 3750, 3800, 3850, 3890, 3920, 3940, 3960, 3980, 3991, 4010, 4030, 4040, 4060, 4070, 4080, 4100, 4110, 4120, 4140, 4150, 4160, 4170, 4180, 4191, 4210, 4220, 4230, 4240, 4250, 4260, 4270, 4280, 4290, 4301, 4320, 4330, 4340, 4350, 4360, 4370, 4380, 4390, 4401, 4420, 4430, 4440, 4450, 4460, 4471, 4490, 4500, 4510, 4521, 4540, 4550, 4560, 4580, 4590, 4600, 4620, 4630, 4650, 4660, 4680, 4690, 4710, 4721, 4740, 4760, 4780, 4791, 4810, 4830, 4850, 4871, 4900, 4920, 4940, 4970, 4990, 5020, 5050, 5080, 5110, 5141, 5180, 5220, 5260, 5310, 5351, 5410, 5470, 5540, 5620, 5711, 5850, 6050, 6510, 15531, 11310901]
                 avg          P99       P99.99         P100
Read         5.53μs      8.76μs     17.75μs      10.98ms
Write         4.67μs      6.51μs     12.09μs      11.31ms

Average throughput across all outputs: 161705.56
Average read latency across all outputs: 5.55 us
Average write latency across all outputs: 4.67 us
