Date: 20260519_1501
YCSB workload: workloada_128_medium

============= RepCXL configuration =============
processes = "0-8"
logger_cluster_size = 3
algorithm = "fmonster"
pipeline = false
round_time = 10 
read_retries = 10
core_affinity = "20-120" 
============= Benchmark Results =============

=== bench_out0.dat ===
Monster: conflicts=91, sync_failures=3011933, empty_requests=0, try_overtime=1004008, check_overtime=1004008, replicate_overtime=1003917
Ops: 2010000  Time: 7.06s  Throughput: 284845.51 ops/sec
Dirty reads: 0 / 1006013 (0.000%)
read_lats: vec100: [990, 1420, 1420, 1420, 1420, 1430, 1430, 1430, 1430, 1430, 1430, 1430, 1430, 1430, 1430, 1430, 1430, 1430, 1430, 1430, 1430, 1430, 1431, 1440, 1440, 1440, 1440, 1440, 1440, 1440, 1440, 1440, 1440, 1440, 1440, 1440, 1440, 1441, 1450, 1450, 1450, 1450, 1450, 1450, 1450, 1451, 1460, 1460, 1460, 1460, 1470, 1470, 1480, 1480, 1490, 1490, 1500, 1500, 1510, 1510, 1520, 1530, 1530, 1540, 1550, 1550, 1560, 1570, 1570, 1580, 1581, 1590, 1600, 1600, 1610, 1620, 1630, 1630, 1640, 1650, 1660, 1660, 1670, 1680, 1680, 1690, 1700, 1710, 1710, 1720, 1730, 1740, 1760, 1780, 1790, 1800, 1831, 1880, 1970, 2070, 9100, 4394220]
write_lats: vec100: [3560, 4060, 4110, 4140, 4170, 4190, 4210, 4230, 4240, 4250, 4260, 4270, 4271, 4280, 4290, 4290, 4300, 4300, 4310, 4310, 4320, 4320, 4330, 4330, 4340, 4340, 4350, 4350, 4360, 4360, 4361, 4370, 4371, 4380, 4381, 4390, 4391, 4400, 4401, 4410, 4420, 4420, 4430, 4430, 4440, 4440, 4450, 4460, 4460, 4470, 4470, 4480, 4481, 4490, 4491, 4500, 4510, 4510, 4520, 4520, 4530, 4531, 4540, 4550, 4550, 4560, 4570, 4571, 4580, 4590, 4600, 4601, 4610, 4620, 4630, 4640, 4650, 4651, 4661, 4670, 4680, 4691, 4701, 4720, 4730, 4740, 4751, 4770, 4790, 4800, 4820, 4840, 4870, 4890, 4921, 4960, 5010, 5070, 5160, 5330, 10681, 8584364]
                 avg          P99       P99.99         P100
Read         1.55μs      2.07μs      6.09μs       4.39ms
Write         4.53μs      5.34μs     10.48μs       8.58ms

=== bench_out1.dat ===
Monster: conflicts=1929, sync_failures=3015978, empty_requests=0, try_overtime=1005970, check_overtime=1005970, replicate_overtime=1004038
Ops: 2010000  Time: 7.01s  Throughput: 286661.92 ops/sec
Dirty reads: 0 / 1005435 (0.000%)
read_lats: vec100: [1030, 1420, 1420, 1420, 1430, 1430, 1430, 1430, 1430, 1430, 1430, 1430, 1430, 1430, 1430, 1430, 1430, 1430, 1430, 1440, 1440, 1440, 1440, 1440, 1440, 1440, 1440, 1440, 1440, 1440, 1440, 1440, 1440, 1440, 1440, 1450, 1450, 1450, 1450, 1450, 1450, 1450, 1450, 1450, 1450, 1460, 1460, 1460, 1460, 1470, 1470, 1470, 1480, 1480, 1490, 1490, 1500, 1500, 1510, 1520, 1520, 1530, 1530, 1540, 1550, 1550, 1560, 1570, 1570, 1580, 1590, 1590, 1600, 1610, 1610, 1620, 1630, 1630, 1640, 1650, 1660, 1660, 1670, 1680, 1690, 1690, 1700, 1710, 1720, 1720, 1730, 1750, 1760, 1780, 1790, 1810, 1840, 1880, 1980, 2080, 7880, 7357024]
write_lats: vec100: [3570, 4060, 4110, 4140, 4160, 4190, 4210, 4230, 4240, 4250, 4260, 4261, 4270, 4280, 4280, 4290, 4290, 4291, 4300, 4301, 4310, 4311, 4320, 4321, 4330, 4331, 4340, 4341, 4350, 4350, 4360, 4360, 4370, 4370, 4380, 4380, 4390, 4390, 4400, 4400, 4410, 4410, 4420, 4421, 4430, 4440, 4440, 4450, 4451, 4460, 4470, 4470, 4480, 4480, 4490, 4490, 4500, 4501, 4510, 4520, 4520, 4530, 4531, 4540, 4550, 4551, 4560, 4570, 4580, 4580, 4590, 4600, 4610, 4611, 4620, 4630, 4640, 4650, 4660, 4670, 4680, 4690, 4700, 4710, 4720, 4740, 4750, 4761, 4780, 4800, 4820, 4840, 4860, 4890, 4920, 4960, 5010, 5070, 5170, 5370, 12781, 7903048]
                 avg          P99       P99.99         P100
Read         1.56μs      2.08μs      6.13μs       7.36ms
Write         4.54μs      5.37μs     11.81μs       7.90ms

=== bench_out2.dat ===
Monster: conflicts=3773, sync_failures=3021228, empty_requests=0, try_overtime=1008335, check_overtime=1008335, replicate_overtime=1004558
Ops: 2010000  Time: 7.07s  Throughput: 284475.07 ops/sec
Dirty reads: 0 / 1004403 (0.000%)
read_lats: vec100: [1061, 1420, 1420, 1430, 1430, 1430, 1430, 1430, 1430, 1430, 1430, 1430, 1430, 1430, 1430, 1430, 1430, 1430, 1440, 1440, 1440, 1440, 1440, 1440, 1440, 1440, 1440, 1440, 1440, 1440, 1440, 1440, 1440, 1440, 1441, 1450, 1450, 1450, 1450, 1450, 1450, 1450, 1450, 1450, 1460, 1460, 1460, 1460, 1460, 1470, 1470, 1470, 1480, 1480, 1490, 1490, 1500, 1510, 1510, 1520, 1520, 1530, 1540, 1540, 1550, 1560, 1560, 1570, 1571, 1580, 1590, 1590, 1600, 1610, 1610, 1620, 1630, 1640, 1640, 1650, 1660, 1670, 1670, 1680, 1690, 1691, 1700, 1710, 1720, 1720, 1730, 1750, 1770, 1780, 1790, 1810, 1840, 1881, 1980, 2080, 1259261, 4077101]
write_lats: vec100: [3570, 4060, 4110, 4141, 4170, 4191, 4220, 4240, 4250, 4260, 4270, 4270, 4280, 4280, 4290, 4290, 4300, 4300, 4310, 4310, 4320, 4321, 4330, 4331, 4340, 4341, 4350, 4350, 4360, 4360, 4370, 4370, 4380, 4380, 4390, 4390, 4400, 4400, 4410, 4410, 4420, 4420, 4430, 4431, 4440, 4450, 4450, 4460, 4470, 4470, 4480, 4480, 4490, 4490, 4500, 4500, 4510, 4511, 4520, 4530, 4530, 4540, 4541, 4550, 4560, 4561, 4570, 4580, 4590, 4590, 4600, 4610, 4620, 4620, 4630, 4640, 4650, 4660, 4670, 4680, 4690, 4700, 4710, 4720, 4730, 4750, 4760, 4780, 4790, 4810, 4830, 4850, 4871, 4900, 4931, 4970, 5020, 5090, 5200, 5430, 14080, 7949148]
                 avg          P99       P99.99         P100
Read         1.56μs      2.08μs      6.24μs       4.08ms
Write         4.55μs      5.43μs     13.90μs       7.95ms

=== bench_out3.dat ===
Monster: conflicts=5993, sync_failures=3023224, empty_requests=0, try_overtime=1009739, check_overtime=1009739, replicate_overtime=1003746
Ops: 2010000  Time: 7.06s  Throughput: 284902.86 ops/sec
Dirty reads: 0 / 1004841 (0.000%)
read_lats: vec100: [1030, 1420, 1420, 1430, 1430, 1430, 1430, 1430, 1430, 1430, 1430, 1430, 1430, 1430, 1430, 1431, 1440, 1440, 1440, 1440, 1440, 1440, 1440, 1440, 1440, 1440, 1440, 1440, 1440, 1440, 1440, 1440, 1450, 1450, 1450, 1450, 1450, 1450, 1450, 1450, 1450, 1450, 1450, 1451, 1460, 1460, 1460, 1460, 1461, 1470, 1470, 1471, 1480, 1480, 1490, 1500, 1500, 1510, 1510, 1520, 1520, 1530, 1540, 1540, 1550, 1560, 1560, 1570, 1580, 1580, 1590, 1600, 1600, 1610, 1611, 1620, 1630, 1640, 1640, 1650, 1660, 1670, 1670, 1680, 1690, 1700, 1700, 1710, 1720, 1730, 1731, 1750, 1770, 1780, 1790, 1810, 1840, 1881, 1980, 2080, 7721, 26861]
write_lats: vec100: [3570, 4060, 4110, 4140, 4170, 4190, 4210, 4230, 4250, 4251, 4260, 4270, 4271, 4280, 4281, 4290, 4291, 4300, 4300, 4310, 4311, 4320, 4321, 4330, 4331, 4340, 4340, 4350, 4350, 4360, 4360, 4370, 4370, 4380, 4380, 4390, 4390, 4400, 4400, 4410, 4410, 4420, 4420, 4430, 4431, 4440, 4450, 4450, 4460, 4470, 4470, 4480, 4480, 4490, 4490, 4500, 4500, 4510, 4511, 4520, 4530, 4530, 4540, 4541, 4550, 4560, 4570, 4570, 4580, 4590, 4591, 4600, 4610, 4620, 4630, 4640, 4641, 4650, 4660, 4670, 4680, 4690, 4701, 4720, 4730, 4740, 4760, 4770, 4790, 4800, 4820, 4841, 4870, 4900, 4930, 4970, 5020, 5091, 5210, 5500, 15761, 7974118]
                 avg          P99       P99.99         P100
Read         1.55μs      2.08μs      6.08μs     26.86μs
Write         4.56μs      5.51μs     14.85μs       7.97ms

=== bench_out4.dat ===
Monster: conflicts=8077, sync_failures=3026500, empty_requests=0, try_overtime=1011526, check_overtime=1011526, replicate_overtime=1003448
Ops: 2010000  Time: 7.03s  Throughput: 285914.22 ops/sec
Dirty reads: 0 / 1005388 (0.000%)
read_lats: vec100: [1000, 1420, 1420, 1420, 1420, 1420, 1430, 1430, 1430, 1430, 1430, 1430, 1430, 1430, 1430, 1430, 1430, 1430, 1430, 1430, 1430, 1440, 1440, 1440, 1440, 1440, 1440, 1440, 1440, 1440, 1440, 1440, 1440, 1440, 1441, 1450, 1450, 1450, 1450, 1450, 1450, 1450, 1450, 1460, 1460, 1460, 1460, 1460, 1470, 1470, 1470, 1480, 1480, 1490, 1490, 1500, 1500, 1510, 1511, 1520, 1530, 1530, 1540, 1550, 1550, 1560, 1560, 1570, 1580, 1580, 1590, 1600, 1600, 1610, 1610, 1620, 1630, 1640, 1640, 1650, 1660, 1670, 1670, 1680, 1690, 1691, 1700, 1710, 1720, 1721, 1731, 1750, 1770, 1780, 1790, 1810, 1840, 1880, 1970, 2070, 5860, 4667986]
write_lats: vec100: [3521, 4021, 4080, 4120, 4140, 4170, 4190, 4201, 4220, 4230, 4240, 4250, 4250, 4260, 4261, 4270, 4280, 4280, 4290, 4290, 4300, 4300, 4310, 4310, 4320, 4320, 4330, 4330, 4340, 4340, 4350, 4350, 4360, 4360, 4370, 4370, 4380, 4380, 4390, 4390, 4400, 4400, 4410, 4411, 4420, 4430, 4430, 4440, 4440, 4450, 4460, 4460, 4470, 4470, 4480, 4480, 4490, 4500, 4500, 4510, 4510, 4520, 4530, 4530, 4540, 4550, 4550, 4560, 4570, 4571, 4580, 4590, 4600, 4610, 4611, 4620, 4630, 4640, 4650, 4660, 4670, 4680, 4690, 4700, 4720, 4730, 4740, 4760, 4771, 4790, 4810, 4831, 4860, 4890, 4920, 4960, 5011, 5090, 5211, 5610, 23281, 7965478]
                 avg          P99       P99.99         P100
Read         1.56μs      2.08μs      5.77μs       4.67ms
Write         4.55μs      5.61μs     15.70μs       7.97ms

=== bench_out5.dat ===
Monster: conflicts=10334, sync_failures=3031040, empty_requests=0, try_overtime=1013792, check_overtime=1013792, replicate_overtime=1003456
Ops: 2010000  Time: 7.00s  Throughput: 287061.12 ops/sec
Dirty reads: 0 / 1004836 (0.000%)
read_lats: vec100: [1020, 1410, 1420, 1420, 1420, 1420, 1420, 1420, 1420, 1420, 1420, 1420, 1420, 1420, 1420, 1421, 1430, 1430, 1430, 1430, 1430, 1430, 1430, 1430, 1430, 1430, 1430, 1430, 1430, 1430, 1430, 1430, 1431, 1440, 1440, 1440, 1440, 1440, 1440, 1440, 1440, 1440, 1441, 1450, 1450, 1450, 1450, 1460, 1460, 1460, 1470, 1470, 1470, 1480, 1480, 1490, 1500, 1500, 1510, 1510, 1520, 1521, 1530, 1540, 1540, 1550, 1560, 1560, 1570, 1580, 1580, 1590, 1590, 1600, 1610, 1610, 1620, 1630, 1640, 1640, 1650, 1660, 1670, 1670, 1680, 1690, 1691, 1700, 1710, 1720, 1730, 1740, 1760, 1770, 1780, 1800, 1830, 1880, 1970, 2070, 7420, 2755729]
write_lats: vec100: [3530, 4030, 4080, 4120, 4141, 4170, 4190, 4210, 4220, 4230, 4240, 4250, 4250, 4260, 4261, 4270, 4280, 4280, 4290, 4290, 4300, 4300, 4310, 4310, 4320, 4320, 4330, 4330, 4340, 4340, 4350, 4350, 4360, 4360, 4370, 4370, 4380, 4380, 4390, 4390, 4400, 4400, 4410, 4411, 4420, 4430, 4430, 4440, 4440, 4450, 4451, 4460, 4470, 4470, 4480, 4480, 4490, 4491, 4500, 4510, 4510, 4520, 4530, 4530, 4540, 4541, 4550, 4560, 4570, 4570, 4580, 4590, 4600, 4610, 4611, 4620, 4630, 4640, 4650, 4660, 4670, 4680, 4690, 4700, 4720, 4730, 4740, 4760, 4780, 4790, 4810, 4840, 4860, 4890, 4921, 4970, 5020, 5100, 5240, 5850, 18871, 8014320]
                 avg          P99       P99.99         P100
Read         1.54μs      2.07μs      5.92μs       2.76ms
Write         4.56μs      5.87μs     16.70μs       8.01ms

=== bench_out6.dat ===
Monster: conflicts=12841, sync_failures=3033887, empty_requests=0, try_overtime=1015576, check_overtime=1015576, replicate_overtime=1002735
Ops: 2010000  Time: 7.01s  Throughput: 286777.57 ops/sec
Dirty reads: 0 / 1004950 (0.000%)
read_lats: vec100: [1020, 1410, 1420, 1420, 1420, 1420, 1420, 1420, 1420, 1420, 1420, 1421, 1430, 1430, 1430, 1430, 1430, 1430, 1430, 1430, 1430, 1430, 1430, 1430, 1430, 1430, 1430, 1430, 1431, 1440, 1440, 1440, 1440, 1440, 1440, 1440, 1440, 1440, 1440, 1440, 1441, 1450, 1450, 1450, 1450, 1450, 1451, 1460, 1460, 1460, 1470, 1470, 1480, 1480, 1490, 1490, 1500, 1500, 1510, 1520, 1520, 1530, 1531, 1540, 1550, 1550, 1560, 1570, 1570, 1580, 1580, 1590, 1600, 1600, 1610, 1620, 1620, 1630, 1640, 1650, 1650, 1660, 1670, 1680, 1680, 1690, 1700, 1701, 1710, 1720, 1730, 1740, 1760, 1770, 1781, 1800, 1831, 1880, 1970, 2070, 6801, 22901]
write_lats: vec100: [3540, 4030, 4090, 4120, 4150, 4170, 4190, 4210, 4220, 4230, 4240, 4250, 4251, 4260, 4270, 4270, 4280, 4280, 4290, 4290, 4300, 4300, 4310, 4310, 4320, 4320, 4330, 4330, 4340, 4340, 4350, 4350, 4360, 4360, 4370, 4370, 4380, 4381, 4390, 4400, 4400, 4410, 4410, 4420, 4420, 4430, 4440, 4440, 4450, 4450, 4460, 4460, 4470, 4480, 4480, 4490, 4490, 4500, 4500, 4510, 4520, 4520, 4530, 4531, 4540, 4550, 4560, 4560, 4570, 4580, 4590, 4590, 4600, 4610, 4620, 4630, 4640, 4641, 4651, 4661, 4671, 4681, 4700, 4710, 4720, 4731, 4750, 4761, 4780, 4800, 4820, 4840, 4870, 4900, 4931, 4980, 5040, 5120, 5290, 7820, 20770, 8102242]
                 avg          P99       P99.99         P100
Read         1.54μs      2.07μs      5.72μs     22.90μs
Write         4.57μs      7.85μs     17.93μs       8.10ms

=== bench_out7.dat ===
Monster: conflicts=15704, sync_failures=3037481, empty_requests=0, try_overtime=1017729, check_overtime=1017729, replicate_overtime=1002023
Ops: 2010000  Time: 7.07s  Throughput: 284300.27 ops/sec
Dirty reads: 0 / 1005299 (0.000%)
read_lats: vec100: [1010, 1420, 1420, 1420, 1420, 1420, 1420, 1420, 1420, 1420, 1420, 1421, 1430, 1430, 1430, 1430, 1430, 1430, 1430, 1430, 1430, 1430, 1430, 1430, 1430, 1430, 1430, 1430, 1440, 1440, 1440, 1440, 1440, 1440, 1440, 1440, 1440, 1440, 1440, 1440, 1450, 1450, 1450, 1450, 1450, 1450, 1460, 1460, 1460, 1461, 1470, 1470, 1480, 1480, 1490, 1490, 1500, 1501, 1510, 1520, 1520, 1530, 1540, 1540, 1550, 1550, 1560, 1570, 1570, 1580, 1581, 1590, 1600, 1600, 1610, 1620, 1620, 1630, 1640, 1650, 1650, 1660, 1670, 1680, 1680, 1690, 1700, 1710, 1710, 1720, 1730, 1741, 1760, 1770, 1790, 1810, 1840, 1880, 1970, 2070, 6040, 34951]
write_lats: vec100: [3550, 4030, 4090, 4120, 4150, 4170, 4190, 4210, 4221, 4240, 4240, 4250, 4260, 4260, 4270, 4270, 4280, 4281, 4290, 4291, 4300, 4301, 4310, 4311, 4320, 4321, 4330, 4331, 4340, 4350, 4350, 4351, 4360, 4361, 4370, 4380, 4380, 4390, 4390, 4400, 4400, 4410, 4410, 4420, 4430, 4430, 4440, 4440, 4450, 4451, 4460, 4470, 4470, 4480, 4480, 4490, 4491, 4500, 4510, 4510, 4520, 4521, 4530, 4540, 4541, 4550, 4560, 4570, 4570, 4580, 4590, 4600, 4600, 4610, 4620, 4630, 4640, 4650, 4660, 4670, 4680, 4690, 4700, 4710, 4720, 4740, 4750, 4770, 4781, 4800, 4821, 4850, 4871, 4901, 4940, 4990, 5050, 5150, 5350, 8591, 8105222, 8105222]
                 avg          P99       P99.99         P100
Read         1.55μs      2.08μs      6.02μs     34.95μs
Write         4.58μs      8.59μs     20.80μs       8.11ms

=== bench_out8.dat ===
Monster: conflicts=19223, sync_failures=3045505, empty_requests=0, try_overtime=1021576, check_overtime=1021576, replicate_overtime=1002353
Ops: 2010000  Time: 7.09s  Throughput: 283472.64 ops/sec
Dirty reads: 0 / 1004389 (0.000%)
read_lats: vec100: [1040, 1420, 1420, 1420, 1420, 1420, 1420, 1420, 1421, 1430, 1430, 1430, 1430, 1430, 1430, 1430, 1430, 1430, 1430, 1430, 1430, 1430, 1430, 1430, 1431, 1440, 1440, 1440, 1440, 1440, 1440, 1440, 1440, 1440, 1440, 1440, 1440, 1440, 1450, 1450, 1450, 1450, 1450, 1450, 1450, 1460, 1460, 1460, 1460, 1470, 1470, 1480, 1480, 1490, 1490, 1500, 1500, 1510, 1510, 1520, 1530, 1530, 1540, 1540, 1550, 1560, 1560, 1570, 1580, 1580, 1590, 1590, 1600, 1610, 1610, 1620, 1630, 1640, 1640, 1650, 1660, 1660, 1670, 1680, 1690, 1690, 1700, 1710, 1720, 1720, 1730, 1750, 1770, 1780, 1790, 1810, 1840, 1881, 1980, 2080, 6310, 8039250]
write_lats: vec100: [3490, 4040, 4100, 4130, 4151, 4180, 4200, 4220, 4230, 4240, 4250, 4260, 4260, 4270, 4270, 4280, 4280, 4290, 4290, 4300, 4301, 4310, 4311, 4320, 4330, 4330, 4340, 4340, 4350, 4350, 4360, 4360, 4370, 4370, 4380, 4380, 4390, 4390, 4400, 4400, 4410, 4411, 4420, 4430, 4430, 4440, 4441, 4450, 4460, 4460, 4470, 4470, 4480, 4480, 4490, 4490, 4500, 4510, 4510, 4520, 4520, 4530, 4540, 4540, 4550, 4560, 4561, 4570, 4580, 4590, 4591, 4600, 4610, 4620, 4630, 4640, 4641, 4650, 4660, 4670, 4681, 4691, 4710, 4720, 4730, 4750, 4760, 4780, 4791, 4810, 4831, 4860, 4890, 4920, 4960, 5010, 5080, 5190, 5480, 8830, 29661, 3929488]
                 avg          P99       P99.99         P100
Read         1.56μs      2.08μs      6.14μs       8.04ms
Write         4.58μs      8.83μs     21.06μs       3.93ms

Average throughput across all outputs: 285378.89
Average read latency across all outputs: 1.55 us
Average write latency across all outputs: 4.56 us
