Date: 20260519_1530
YCSB workload: workloada_128_medium

============= RepCXL configuration =============
processes = "0-8"
logger_cluster_size = 3
algorithm = "lock"
pipeline = false
round_time = 1300 
read_retries = 10
core_affinity = "20-120" 
============= Benchmark Results =============

=== bench_out0.dat ===
Ops: 2010000  Time: 9.45s  Throughput: 212677.88 ops/sec
Dirty reads: 0 / 1006013 (0.000%)
read_lats: vec100: [3290, 4230, 4360, 4400, 4410, 4420, 4430, 4430, 4431, 4440, 4440, 4450, 4450, 4460, 4460, 4460, 4470, 4470, 4480, 4480, 4490, 4500, 4510, 4520, 4530, 4540, 4541, 4550, 4560, 4560, 4570, 4580, 4580, 4590, 4591, 4600, 4610, 4620, 4630, 4640, 4650, 4660, 4670, 4680, 4680, 4690, 4690, 4700, 4700, 4700, 4710, 4710, 4720, 4720, 4720, 4730, 4730, 4730, 4740, 4740, 4741, 4750, 4750, 4760, 4761, 4770, 4780, 4790, 4790, 4800, 4810, 4820, 4830, 4831, 4840, 4850, 4860, 4870, 4880, 4890, 4900, 4910, 4930, 4940, 4950, 4960, 4970, 4990, 5000, 5020, 5030, 5050, 5080, 5100, 5140, 5180, 5240, 5340, 5680, 7350, 24671, 8538242]
write_lats: vec100: [2570, 3000, 3070, 3110, 3130, 3151, 3170, 3180, 3190, 3190, 3200, 3201, 3210, 3220, 3220, 3230, 3230, 3240, 3250, 3260, 3270, 3270, 3280, 3280, 3290, 3290, 3300, 3300, 3300, 3310, 3310, 3320, 3320, 3320, 3330, 3330, 3330, 3340, 3340, 3340, 3341, 3350, 3350, 3351, 3360, 3360, 3370, 3370, 3380, 3380, 3381, 3390, 3390, 3400, 3400, 3410, 3410, 3420, 3420, 3430, 3430, 3440, 3440, 3450, 3450, 3460, 3470, 3470, 3480, 3490, 3490, 3500, 3510, 3510, 3520, 3530, 3540, 3540, 3550, 3560, 3570, 3570, 3580, 3590, 3600, 3610, 3620, 3631, 3650, 3660, 3671, 3690, 3710, 3730, 3760, 3790, 3830, 3890, 4000, 4300, 9800, 8355908]
                 avg          P99       P99.99         P100
Read         4.79μs      7.35μs     17.11μs       8.54ms
Write         3.46μs      4.31μs      9.65μs       8.36ms

=== bench_out1.dat ===
Ops: 2010000  Time: 9.44s  Throughput: 212890.72 ops/sec
Dirty reads: 0 / 1005435 (0.000%)
read_lats: vec100: [3351, 4280, 4400, 4420, 4421, 4430, 4440, 4440, 4450, 4450, 4451, 4460, 4460, 4470, 4470, 4480, 4480, 4481, 4490, 4491, 4500, 4510, 4520, 4530, 4540, 4550, 4560, 4560, 4570, 4580, 4580, 4590, 4590, 4600, 4610, 4610, 4620, 4630, 4640, 4650, 4660, 4670, 4680, 4690, 4690, 4700, 4700, 4710, 4710, 4711, 4720, 4720, 4730, 4730, 4730, 4740, 4740, 4741, 4750, 4750, 4760, 4760, 4761, 4770, 4771, 4780, 4790, 4800, 4801, 4810, 4820, 4830, 4840, 4841, 4850, 4860, 4870, 4880, 4890, 4900, 4910, 4920, 4940, 4950, 4960, 4970, 4980, 5000, 5010, 5021, 5040, 5060, 5090, 5110, 5150, 5190, 5250, 5350, 5710, 7390, 19170, 8085770]
write_lats: vec100: [2540, 3030, 3090, 3120, 3140, 3160, 3170, 3180, 3190, 3191, 3200, 3210, 3210, 3220, 3230, 3230, 3240, 3250, 3260, 3260, 3270, 3280, 3280, 3290, 3290, 3291, 3300, 3300, 3310, 3310, 3310, 3320, 3320, 3321, 3330, 3330, 3331, 3340, 3340, 3340, 3350, 3350, 3350, 3360, 3360, 3361, 3370, 3370, 3380, 3380, 3390, 3390, 3400, 3400, 3410, 3410, 3420, 3420, 3430, 3430, 3440, 3440, 3450, 3450, 3460, 3461, 3470, 3480, 3480, 3490, 3500, 3500, 3510, 3520, 3520, 3530, 3540, 3550, 3550, 3560, 3570, 3580, 3590, 3600, 3610, 3620, 3630, 3640, 3650, 3670, 3680, 3700, 3711, 3740, 3760, 3800, 3840, 3900, 4001, 4310, 9840, 4538503]
                 avg          P99       P99.99         P100
Read         4.79μs      7.39μs     16.86μs       8.09ms
Write         3.44μs      4.31μs      9.15μs       4.54ms

=== bench_out2.dat ===
Ops: 2010000  Time: 9.42s  Throughput: 213410.79 ops/sec
Dirty reads: 0 / 1004403 (0.000%)
read_lats: vec100: [3250, 4230, 4360, 4410, 4420, 4430, 4430, 4440, 4440, 4441, 4450, 4450, 4451, 4460, 4460, 4461, 4470, 4470, 4480, 4480, 4490, 4500, 4510, 4520, 4540, 4541, 4550, 4560, 4560, 4570, 4570, 4580, 4580, 4590, 4591, 4600, 4610, 4620, 4630, 4640, 4650, 4660, 4670, 4680, 4690, 4690, 4700, 4700, 4710, 4710, 4710, 4720, 4720, 4720, 4730, 4730, 4730, 4740, 4740, 4740, 4750, 4750, 4751, 4760, 4770, 4771, 4780, 4790, 4800, 4810, 4810, 4820, 4830, 4840, 4850, 4851, 4861, 4871, 4881, 4900, 4910, 4920, 4930, 4940, 4950, 4960, 4980, 4990, 5000, 5020, 5031, 5060, 5080, 5101, 5140, 5180, 5240, 5340, 5700, 7371, 7218618, 7995768]
write_lats: vec100: [2510, 3000, 3080, 3110, 3130, 3150, 3161, 3171, 3180, 3190, 3200, 3200, 3210, 3211, 3220, 3230, 3231, 3240, 3250, 3260, 3270, 3270, 3280, 3281, 3290, 3290, 3300, 3300, 3301, 3310, 3310, 3320, 3320, 3321, 3330, 3330, 3331, 3340, 3340, 3340, 3350, 3350, 3351, 3360, 3360, 3370, 3370, 3380, 3380, 3381, 3390, 3390, 3400, 3400, 3410, 3410, 3420, 3420, 3430, 3430, 3440, 3440, 3450, 3450, 3460, 3461, 3470, 3480, 3480, 3490, 3500, 3501, 3510, 3520, 3521, 3530, 3540, 3550, 3551, 3560, 3570, 3580, 3590, 3600, 3610, 3620, 3630, 3640, 3650, 3670, 3680, 3700, 3710, 3740, 3760, 3791, 3840, 3900, 4000, 4310, 9700, 6900521]
                 avg          P99       P99.99         P100
Read         4.80μs      7.37μs     17.42μs       8.00ms
Write         3.45μs      4.31μs      9.59μs       6.90ms

=== bench_out3.dat ===
Ops: 2010000  Time: 9.42s  Throughput: 213441.29 ops/sec
Dirty reads: 0 / 1004841 (0.000%)
read_lats: vec100: [3280, 4250, 4400, 4420, 4421, 4430, 4431, 4440, 4440, 4450, 4450, 4450, 4460, 4460, 4460, 4470, 4470, 4470, 4480, 4480, 4490, 4500, 4511, 4530, 4540, 4550, 4550, 4560, 4561, 4570, 4571, 4580, 4590, 4590, 4600, 4601, 4610, 4621, 4631, 4650, 4660, 4670, 4680, 4681, 4690, 4700, 4700, 4701, 4710, 4710, 4711, 4720, 4720, 4720, 4730, 4730, 4730, 4740, 4740, 4740, 4750, 4750, 4760, 4760, 4770, 4771, 4780, 4790, 4800, 4810, 4811, 4820, 4830, 4840, 4850, 4860, 4870, 4871, 4890, 4900, 4910, 4920, 4930, 4940, 4950, 4961, 4980, 4990, 5000, 5020, 5040, 5060, 5080, 5101, 5140, 5180, 5240, 5340, 5701, 7390, 19311, 8085340]
write_lats: vec100: [2540, 3030, 3100, 3120, 3140, 3160, 3170, 3180, 3190, 3200, 3200, 3210, 3210, 3220, 3230, 3230, 3240, 3250, 3260, 3270, 3270, 3280, 3280, 3290, 3290, 3300, 3300, 3300, 3310, 3310, 3320, 3320, 3320, 3330, 3330, 3330, 3340, 3340, 3340, 3350, 3350, 3350, 3360, 3360, 3361, 3370, 3370, 3380, 3380, 3390, 3390, 3400, 3400, 3410, 3410, 3420, 3420, 3421, 3430, 3431, 3440, 3441, 3450, 3460, 3460, 3470, 3470, 3480, 3490, 3490, 3500, 3510, 3510, 3520, 3530, 3530, 3540, 3550, 3560, 3561, 3570, 3580, 3590, 3600, 3610, 3620, 3630, 3640, 3651, 3670, 3680, 3700, 3720, 3740, 3770, 3800, 3840, 3900, 4010, 4330, 10161, 5207249]
                 avg          P99       P99.99         P100
Read         4.80μs      7.39μs     16.70μs       8.09ms
Write         3.45μs      4.34μs      9.41μs       5.21ms

=== bench_out4.dat ===
Ops: 2010000  Time: 9.35s  Throughput: 214886.62 ops/sec
Dirty reads: 0 / 1005388 (0.000%)
read_lats: vec100: [3240, 4220, 4351, 4370, 4380, 4390, 4400, 4400, 4410, 4410, 4420, 4420, 4430, 4430, 4440, 4440, 4450, 4451, 4460, 4461, 4470, 4471, 4480, 4490, 4490, 4500, 4510, 4520, 4521, 4530, 4540, 4550, 4560, 4561, 4570, 4580, 4590, 4600, 4610, 4620, 4630, 4631, 4640, 4650, 4650, 4660, 4660, 4670, 4670, 4680, 4680, 4690, 4690, 4700, 4700, 4701, 4710, 4711, 4720, 4720, 4730, 4730, 4740, 4740, 4750, 4750, 4760, 4770, 4770, 4780, 4790, 4800, 4810, 4811, 4820, 4830, 4840, 4850, 4860, 4870, 4880, 4891, 4910, 4920, 4930, 4940, 4951, 4970, 4980, 5000, 5020, 5040, 5060, 5090, 5120, 5160, 5220, 5320, 5680, 7311, 16891, 7373403]
write_lats: vec100: [2460, 3010, 3080, 3110, 3130, 3140, 3160, 3170, 3171, 3181, 3190, 3200, 3210, 3210, 3220, 3221, 3230, 3240, 3250, 3250, 3260, 3260, 3270, 3280, 3280, 3281, 3290, 3290, 3300, 3300, 3300, 3310, 3310, 3310, 3320, 3320, 3321, 3330, 3330, 3330, 3340, 3340, 3340, 3350, 3350, 3360, 3360, 3360, 3370, 3370, 3380, 3380, 3390, 3390, 3400, 3400, 3410, 3410, 3420, 3420, 3430, 3430, 3440, 3440, 3450, 3460, 3460, 3470, 3470, 3480, 3490, 3491, 3500, 3510, 3511, 3520, 3530, 3540, 3540, 3550, 3560, 3570, 3580, 3590, 3600, 3610, 3620, 3630, 3640, 3660, 3670, 3690, 3701, 3730, 3750, 3790, 3830, 3890, 3990, 4310, 12700, 8095370]
                 avg          P99       P99.99         P100
Read         4.76μs      7.32μs     16.60μs       7.37ms
Write         3.44μs      4.31μs      9.31μs       8.10ms

=== bench_out5.dat ===
Ops: 2010000  Time: 9.35s  Throughput: 215009.20 ops/sec
Dirty reads: 0 / 1004836 (0.000%)
read_lats: vec100: [3260, 4200, 4320, 4370, 4380, 4390, 4390, 4400, 4410, 4410, 4420, 4420, 4430, 4430, 4440, 4440, 4450, 4450, 4460, 4460, 4470, 4470, 4480, 4480, 4490, 4500, 4501, 4510, 4520, 4530, 4540, 4550, 4550, 4560, 4570, 4580, 4590, 4590, 4600, 4610, 4620, 4630, 4640, 4641, 4650, 4660, 4660, 4670, 4670, 4680, 4680, 4681, 4690, 4690, 4700, 4700, 4710, 4710, 4720, 4720, 4730, 4730, 4740, 4740, 4750, 4750, 4760, 4760, 4770, 4780, 4790, 4800, 4801, 4810, 4820, 4830, 4840, 4850, 4860, 4870, 4880, 4890, 4900, 4920, 4930, 4940, 4950, 4970, 4980, 5000, 5011, 5031, 5060, 5081, 5120, 5160, 5220, 5321, 5700, 7310, 19650, 8118531]
write_lats: vec100: [2540, 2990, 3060, 3090, 3110, 3130, 3150, 3160, 3170, 3180, 3190, 3191, 3200, 3210, 3210, 3220, 3230, 3230, 3240, 3250, 3251, 3260, 3270, 3270, 3280, 3280, 3290, 3290, 3291, 3300, 3300, 3310, 3310, 3310, 3320, 3320, 3320, 3330, 3330, 3330, 3340, 3340, 3340, 3350, 3350, 3351, 3360, 3360, 3370, 3370, 3380, 3380, 3390, 3390, 3400, 3400, 3410, 3410, 3420, 3420, 3430, 3430, 3440, 3441, 3450, 3460, 3460, 3470, 3480, 3480, 3490, 3500, 3500, 3510, 3520, 3520, 3530, 3540, 3541, 3550, 3560, 3570, 3580, 3590, 3600, 3610, 3620, 3630, 3640, 3660, 3670, 3690, 3710, 3730, 3760, 3790, 3830, 3890, 3990, 4291, 9771, 7380233]
                 avg          P99       P99.99         P100
Read         4.76μs      7.32μs     16.63μs       8.12ms
Write         3.44μs      4.30μs      9.30μs       7.38ms

=== bench_out6.dat ===
Ops: 2010000  Time: 9.31s  Throughput: 215797.80 ops/sec
Dirty reads: 0 / 1004950 (0.000%)
read_lats: vec100: [3270, 4200, 4310, 4371, 4390, 4390, 4400, 4410, 4410, 4420, 4420, 4421, 4430, 4431, 4440, 4441, 4450, 4450, 4460, 4460, 4470, 4470, 4480, 4480, 4490, 4500, 4510, 4520, 4521, 4530, 4540, 4550, 4551, 4560, 4570, 4580, 4590, 4590, 4600, 4610, 4620, 4630, 4640, 4650, 4660, 4660, 4670, 4670, 4680, 4680, 4680, 4690, 4690, 4700, 4700, 4710, 4710, 4720, 4720, 4721, 4730, 4730, 4740, 4740, 4750, 4750, 4760, 4770, 4770, 4780, 4790, 4800, 4810, 4820, 4821, 4830, 4840, 4850, 4860, 4870, 4881, 4900, 4910, 4920, 4930, 4940, 4960, 4970, 4980, 5000, 5020, 5040, 5060, 5090, 5120, 5160, 5220, 5320, 5690, 7330, 19541, 8131511]
write_lats: vec100: [2520, 2980, 3060, 3090, 3120, 3140, 3150, 3160, 3170, 3180, 3190, 3190, 3200, 3210, 3210, 3220, 3230, 3231, 3240, 3250, 3260, 3260, 3270, 3270, 3280, 3280, 3290, 3290, 3290, 3300, 3300, 3301, 3310, 3310, 3320, 3320, 3320, 3330, 3330, 3330, 3340, 3340, 3340, 3350, 3350, 3351, 3360, 3360, 3370, 3370, 3380, 3380, 3390, 3390, 3400, 3400, 3410, 3410, 3420, 3420, 3430, 3430, 3440, 3440, 3450, 3451, 3460, 3470, 3470, 3480, 3490, 3490, 3500, 3510, 3511, 3520, 3530, 3540, 3541, 3550, 3560, 3570, 3580, 3590, 3600, 3610, 3620, 3630, 3640, 3660, 3670, 3690, 3710, 3730, 3751, 3790, 3830, 3890, 3990, 4290, 9910, 5671631]
                 avg          P99       P99.99         P100
Read         4.76μs      7.33μs     17.23μs       8.13ms
Write         3.43μs      4.29μs      9.07μs       5.67ms

=== bench_out7.dat ===
Ops: 2010000  Time: 9.35s  Throughput: 214875.24 ops/sec
Dirty reads: 0 / 1005299 (0.000%)
read_lats: vec100: [3290, 4210, 4350, 4380, 4390, 4400, 4400, 4410, 4410, 4420, 4420, 4430, 4430, 4440, 4440, 4450, 4450, 4460, 4460, 4461, 4470, 4471, 4480, 4490, 4490, 4500, 4510, 4520, 4530, 4540, 4540, 4550, 4560, 4570, 4571, 4580, 4590, 4600, 4610, 4620, 4630, 4640, 4650, 4650, 4660, 4660, 4670, 4670, 4680, 4680, 4690, 4690, 4700, 4700, 4701, 4710, 4710, 4720, 4720, 4730, 4730, 4731, 4740, 4740, 4750, 4751, 4760, 4770, 4780, 4781, 4790, 4800, 4810, 4820, 4830, 4840, 4850, 4851, 4861, 4880, 4890, 4900, 4910, 4920, 4930, 4941, 4960, 4970, 4990, 5000, 5020, 5040, 5060, 5090, 5120, 5170, 5221, 5330, 5680, 7330, 16900, 3854986]
write_lats: vec100: [2480, 3010, 3070, 3100, 3121, 3140, 3160, 3170, 3170, 3180, 3190, 3200, 3200, 3210, 3220, 3220, 3230, 3240, 3250, 3250, 3260, 3260, 3270, 3271, 3280, 3281, 3290, 3290, 3300, 3300, 3300, 3310, 3310, 3311, 3320, 3320, 3321, 3330, 3330, 3331, 3340, 3340, 3341, 3350, 3350, 3360, 3360, 3370, 3370, 3371, 3380, 3380, 3390, 3390, 3400, 3400, 3410, 3410, 3420, 3420, 3430, 3430, 3440, 3450, 3450, 3460, 3460, 3470, 3480, 3480, 3490, 3500, 3500, 3510, 3520, 3520, 3530, 3540, 3550, 3550, 3560, 3570, 3580, 3590, 3600, 3610, 3620, 3630, 3640, 3660, 3670, 3690, 3710, 3730, 3751, 3790, 3830, 3890, 3991, 4300, 12077060, 12077060]
                 avg          P99       P99.99         P100
Read         4.76μs      7.34μs     16.87μs       3.85ms
Write         3.45μs      4.30μs      9.21μs      12.08ms

=== bench_out8.dat ===
Ops: 2010000  Time: 9.36s  Throughput: 214675.85 ops/sec
Dirty reads: 0 / 1004389 (0.000%)
read_lats: vec100: [3280, 4200, 4310, 4390, 4400, 4400, 4410, 4411, 4420, 4420, 4430, 4430, 4440, 4440, 4440, 4450, 4450, 4451, 4460, 4460, 4470, 4470, 4480, 4480, 4490, 4500, 4510, 4520, 4530, 4540, 4550, 4550, 4560, 4570, 4570, 4580, 4590, 4600, 4610, 4620, 4630, 4640, 4650, 4660, 4660, 4670, 4671, 4680, 4680, 4690, 4690, 4700, 4700, 4700, 4710, 4710, 4711, 4720, 4720, 4730, 4730, 4730, 4740, 4740, 4750, 4760, 4760, 4770, 4780, 4790, 4800, 4800, 4810, 4820, 4830, 4840, 4850, 4860, 4870, 4880, 4890, 4900, 4910, 4920, 4940, 4950, 4960, 4970, 4990, 5001, 5020, 5040, 5061, 5090, 5130, 5170, 5230, 5330, 5690, 7330, 17070, 7417994]
write_lats: vec100: [2530, 2990, 3070, 3100, 3120, 3140, 3160, 3170, 3180, 3180, 3190, 3200, 3200, 3210, 3210, 3220, 3230, 3240, 3240, 3250, 3260, 3270, 3270, 3280, 3280, 3281, 3290, 3290, 3300, 3300, 3301, 3310, 3310, 3311, 3320, 3320, 3321, 3330, 3330, 3330, 3340, 3340, 3341, 3350, 3350, 3360, 3360, 3370, 3370, 3380, 3380, 3380, 3390, 3390, 3400, 3400, 3410, 3410, 3420, 3420, 3430, 3430, 3440, 3440, 3450, 3460, 3460, 3470, 3480, 3480, 3490, 3500, 3500, 3510, 3520, 3520, 3530, 3540, 3550, 3551, 3560, 3570, 3580, 3590, 3600, 3610, 3620, 3630, 3641, 3660, 3670, 3690, 3710, 3730, 3760, 3790, 3830, 3890, 4000, 4300, 12990, 8194253]
                 avg          P99       P99.99         P100
Read         4.76μs      7.34μs     16.75μs       7.42ms
Write         3.44μs      4.30μs      9.11μs       8.19ms

Average throughput across all outputs: 214186.67
Average read latency across all outputs: 4.78 us
Average write latency across all outputs: 3.44 us
