Date: 20260519_1516
YCSB workload: workloada_128_medium

============= RepCXL configuration =============
processes = "0-8"
logger_cluster_size = 3
algorithm = "fmonster"
pipeline = false
round_time = 1300 
read_retries = 10
core_affinity = "20-120" 
============= Benchmark Results =============

=== bench_out0.dat ===
Monster: conflicts=39, sync_failures=1037803, empty_requests=0, try_overtime=128516, check_overtime=12349, replicate_overtime=896938
Ops: 2010000  Time: 8.28s  Throughput: 242676.89 ops/sec
Dirty reads: 0 / 1006013 (0.000%)
read_lats: vec100: [1050, 1430, 1430, 1430, 1430, 1430, 1430, 1440, 1440, 1440, 1440, 1440, 1440, 1440, 1440, 1440, 1440, 1440, 1440, 1440, 1440, 1440, 1440, 1440, 1440, 1450, 1450, 1450, 1450, 1450, 1450, 1450, 1450, 1450, 1450, 1450, 1450, 1450, 1450, 1450, 1451, 1460, 1460, 1460, 1460, 1460, 1460, 1460, 1460, 1470, 1470, 1470, 1471, 1480, 1480, 1490, 1490, 1500, 1510, 1510, 1520, 1520, 1530, 1540, 1541, 1550, 1560, 1570, 1570, 1580, 1590, 1590, 1600, 1610, 1610, 1620, 1630, 1631, 1640, 1650, 1660, 1661, 1670, 1680, 1690, 1690, 1700, 1710, 1720, 1721, 1730, 1740, 1760, 1780, 1790, 1800, 1830, 1880, 1980, 2060, 8790, 8659296]
write_lats: vec100: [4380, 4751, 4810, 4840, 4870, 4890, 4910, 4930, 4940, 4960, 4971, 4990, 5010, 5020, 5030, 5050, 5060, 5070, 5081, 5100, 5110, 5120, 5130, 5150, 5160, 5170, 5190, 5200, 5211, 5230, 5240, 5260, 5270, 5290, 5301, 5320, 5340, 5360, 5371, 5391, 5411, 5440, 5460, 5480, 5500, 5520, 5550, 5570, 5591, 5620, 5640, 5670, 5690, 5711, 5740, 5760, 5780, 5800, 5820, 5840, 5860, 5880, 5900, 5920, 5940, 5960, 5970, 5990, 6010, 6021, 6040, 6060, 6070, 6090, 6110, 6130, 6141, 6161, 6190, 6210, 6230, 6260, 6290, 6320, 6350, 6390, 6431, 6480, 6540, 6600, 6671, 6761, 6870, 6990, 7110, 7211, 7311, 7410, 7530, 7720, 12490, 27511]
                 avg          P99       P99.99         P100
Read         1.56μs      2.06μs      5.95μs       8.66ms
Write         5.75μs      7.72μs     12.27μs     27.51μs

=== bench_out1.dat ===
Monster: conflicts=1806, sync_failures=1015493, empty_requests=0, try_overtime=116474, check_overtime=13456, replicate_overtime=885563
Ops: 2010000  Time: 8.19s  Throughput: 245422.45 ops/sec
Dirty reads: 0 / 1005435 (0.000%)
read_lats: vec100: [1000, 1420, 1420, 1420, 1420, 1420, 1430, 1430, 1430, 1430, 1430, 1430, 1430, 1430, 1430, 1430, 1430, 1430, 1430, 1430, 1430, 1430, 1430, 1430, 1430, 1431, 1440, 1440, 1440, 1440, 1440, 1440, 1440, 1440, 1440, 1440, 1440, 1440, 1440, 1440, 1440, 1441, 1450, 1450, 1450, 1450, 1450, 1450, 1450, 1460, 1460, 1460, 1460, 1470, 1470, 1480, 1480, 1490, 1500, 1500, 1510, 1520, 1520, 1530, 1540, 1540, 1550, 1560, 1560, 1570, 1580, 1580, 1590, 1600, 1600, 1610, 1620, 1630, 1630, 1640, 1650, 1660, 1660, 1670, 1680, 1690, 1690, 1700, 1710, 1720, 1720, 1730, 1750, 1770, 1780, 1790, 1820, 1870, 1970, 2050, 7760, 3194909]
write_lats: vec100: [4380, 4740, 4800, 4830, 4851, 4880, 4891, 4910, 4930, 4941, 4960, 4980, 4990, 5000, 5020, 5030, 5040, 5060, 5070, 5080, 5090, 5100, 5111, 5130, 5140, 5150, 5161, 5180, 5190, 5201, 5220, 5230, 5250, 5260, 5280, 5290, 5310, 5321, 5340, 5360, 5380, 5400, 5420, 5440, 5460, 5480, 5501, 5530, 5550, 5580, 5600, 5621, 5650, 5670, 5700, 5720, 5741, 5770, 5790, 5810, 5830, 5850, 5870, 5890, 5910, 5921, 5940, 5960, 5980, 5990, 6010, 6030, 6040, 6060, 6071, 6090, 6110, 6130, 6150, 6170, 6190, 6220, 6240, 6270, 6300, 6330, 6370, 6410, 6450, 6500, 6561, 6631, 6720, 6830, 6950, 7080, 7210, 7330, 7460, 7690, 15951, 7217190]
                 avg          P99       P99.99         P100
Read         1.54μs      2.05μs      5.93μs       3.19ms
Write         5.72μs      7.69μs     15.15μs       7.22ms

=== bench_out2.dat ===
Monster: conflicts=3882, sync_failures=1005553, empty_requests=0, try_overtime=110047, check_overtime=11287, replicate_overtime=884219
Ops: 2010000  Time: 8.22s  Throughput: 244594.47 ops/sec
Dirty reads: 0 / 1004403 (0.000%)
read_lats: vec100: [990, 1420, 1420, 1420, 1430, 1430, 1430, 1430, 1430, 1430, 1430, 1430, 1430, 1430, 1430, 1430, 1430, 1430, 1430, 1430, 1440, 1440, 1440, 1440, 1440, 1440, 1440, 1440, 1440, 1440, 1440, 1440, 1440, 1440, 1440, 1440, 1440, 1441, 1450, 1450, 1450, 1450, 1450, 1450, 1450, 1450, 1450, 1451, 1460, 1460, 1460, 1460, 1470, 1470, 1480, 1480, 1490, 1490, 1500, 1510, 1510, 1520, 1520, 1530, 1540, 1541, 1550, 1560, 1570, 1570, 1580, 1590, 1590, 1600, 1610, 1610, 1620, 1630, 1640, 1640, 1650, 1660, 1670, 1670, 1680, 1690, 1700, 1700, 1710, 1720, 1730, 1740, 1751, 1770, 1780, 1800, 1830, 1870, 1970, 2060, 35161, 1744224]
write_lats: vec100: [4370, 4740, 4790, 4821, 4850, 4870, 4890, 4910, 4921, 4940, 4960, 4970, 4981, 5000, 5010, 5030, 5040, 5050, 5060, 5071, 5090, 5100, 5110, 5120, 5130, 5150, 5160, 5170, 5181, 5200, 5210, 5230, 5240, 5251, 5270, 5280, 5300, 5311, 5330, 5350, 5370, 5381, 5400, 5420, 5441, 5470, 5490, 5510, 5530, 5560, 5580, 5600, 5630, 5650, 5671, 5700, 5720, 5740, 5770, 5790, 5810, 5830, 5850, 5870, 5890, 5901, 5920, 5940, 5960, 5971, 5990, 6010, 6021, 6040, 6060, 6070, 6090, 6110, 6130, 6150, 6170, 6190, 6220, 6240, 6270, 6300, 6340, 6371, 6420, 6470, 6530, 6601, 6691, 6801, 6940, 7071, 7200, 7321, 7470, 7721, 17191, 8055111]
                 avg          P99       P99.99         P100
Read         1.54μs      2.06μs      5.97μs       1.74ms
Write         5.73μs      7.73μs     16.94μs       8.06ms

=== bench_out3.dat ===
Monster: conflicts=5823, sync_failures=1023611, empty_requests=0, try_overtime=122834, check_overtime=13319, replicate_overtime=887458
Ops: 2010000  Time: 8.24s  Throughput: 243807.33 ops/sec
Dirty reads: 0 / 1004841 (0.000%)
read_lats: vec100: [1020, 1420, 1420, 1421, 1430, 1430, 1430, 1430, 1430, 1430, 1430, 1430, 1430, 1430, 1430, 1430, 1430, 1430, 1430, 1430, 1431, 1440, 1440, 1440, 1440, 1440, 1440, 1440, 1440, 1440, 1440, 1440, 1440, 1440, 1440, 1440, 1440, 1440, 1450, 1450, 1450, 1450, 1450, 1450, 1450, 1450, 1450, 1460, 1460, 1460, 1460, 1461, 1470, 1470, 1480, 1480, 1490, 1490, 1500, 1510, 1510, 1520, 1520, 1530, 1540, 1541, 1550, 1560, 1570, 1570, 1580, 1590, 1590, 1600, 1610, 1610, 1620, 1630, 1640, 1640, 1650, 1660, 1670, 1670, 1680, 1690, 1700, 1700, 1710, 1720, 1730, 1740, 1750, 1770, 1780, 1800, 1820, 1870, 1960, 2050, 7620, 7348753]
write_lats: vec100: [4380, 4740, 4791, 4830, 4850, 4870, 4890, 4910, 4930, 4941, 4960, 4980, 4990, 5001, 5020, 5030, 5041, 5060, 5070, 5080, 5090, 5101, 5120, 5130, 5140, 5151, 5170, 5180, 5200, 5210, 5221, 5240, 5250, 5270, 5280, 5300, 5320, 5330, 5350, 5370, 5390, 5410, 5430, 5450, 5470, 5500, 5520, 5540, 5570, 5590, 5620, 5640, 5661, 5690, 5710, 5731, 5760, 5780, 5800, 5820, 5840, 5860, 5880, 5900, 5920, 5931, 5950, 5970, 5990, 6000, 6020, 6040, 6050, 6070, 6090, 6101, 6120, 6140, 6160, 6181, 6210, 6230, 6260, 6290, 6320, 6360, 6400, 6440, 6490, 6550, 6620, 6700, 6800, 6910, 7040, 7160, 7270, 7381, 7530, 7830, 19490, 8085501]
                 avg          P99       P99.99         P100
Read         1.56μs      2.05μs      5.93μs       7.35ms
Write         5.74μs      7.83μs     17.21μs       8.09ms

=== bench_out4.dat ===
Monster: conflicts=8325, sync_failures=1002451, empty_requests=0, try_overtime=117223, check_overtime=14173, replicate_overtime=871055
Ops: 2010000  Time: 8.21s  Throughput: 244825.98 ops/sec
Dirty reads: 0 / 1005388 (0.000%)
read_lats: vec100: [1091, 1410, 1410, 1420, 1420, 1420, 1420, 1420, 1420, 1420, 1420, 1420, 1420, 1420, 1420, 1420, 1420, 1430, 1430, 1430, 1430, 1430, 1430, 1430, 1430, 1430, 1430, 1430, 1430, 1430, 1430, 1431, 1440, 1440, 1440, 1440, 1440, 1440, 1440, 1440, 1440, 1450, 1450, 1450, 1450, 1450, 1450, 1451, 1460, 1460, 1460, 1460, 1470, 1470, 1480, 1480, 1490, 1490, 1500, 1500, 1510, 1520, 1520, 1530, 1540, 1540, 1550, 1560, 1560, 1570, 1580, 1580, 1590, 1600, 1600, 1610, 1620, 1620, 1630, 1640, 1650, 1650, 1660, 1670, 1680, 1680, 1690, 1700, 1710, 1710, 1720, 1730, 1750, 1770, 1780, 1800, 1820, 1870, 1960, 2040, 5590, 34071]
write_lats: vec100: [4380, 4730, 4780, 4820, 4840, 4861, 4880, 4900, 4920, 4931, 4950, 4970, 4980, 4991, 5010, 5020, 5031, 5050, 5060, 5070, 5081, 5100, 5110, 5120, 5130, 5150, 5160, 5170, 5181, 5200, 5210, 5230, 5240, 5260, 5270, 5290, 5300, 5320, 5330, 5350, 5370, 5390, 5410, 5430, 5450, 5470, 5491, 5520, 5540, 5561, 5590, 5610, 5640, 5660, 5681, 5710, 5730, 5751, 5780, 5800, 5820, 5840, 5860, 5880, 5900, 5920, 5930, 5950, 5970, 5990, 6000, 6020, 6040, 6050, 6070, 6090, 6110, 6130, 6150, 6170, 6190, 6220, 6240, 6270, 6300, 6340, 6380, 6420, 6470, 6530, 6590, 6670, 6770, 6890, 7020, 7150, 7270, 7390, 7551, 7990, 24231, 7315222]
                 avg          P99       P99.99         P100
Read         1.54μs      2.04μs      5.49μs     34.07μs
Write         5.74μs      7.99μs     19.49μs       7.32ms

=== bench_out5.dat ===
Monster: conflicts=11360, sync_failures=990218, empty_requests=0, try_overtime=112208, check_overtime=13094, replicate_overtime=864916
Ops: 2010000  Time: 8.21s  Throughput: 244892.50 ops/sec
Dirty reads: 0 / 1004836 (0.000%)
read_lats: vec100: [1050, 1410, 1410, 1420, 1420, 1420, 1420, 1420, 1420, 1420, 1420, 1420, 1420, 1420, 1420, 1420, 1420, 1420, 1430, 1430, 1430, 1430, 1430, 1430, 1430, 1430, 1430, 1430, 1430, 1430, 1430, 1430, 1430, 1430, 1430, 1431, 1440, 1440, 1440, 1440, 1440, 1440, 1440, 1440, 1440, 1440, 1450, 1450, 1450, 1450, 1460, 1460, 1460, 1470, 1470, 1480, 1480, 1490, 1491, 1500, 1510, 1510, 1520, 1530, 1530, 1540, 1550, 1550, 1560, 1570, 1570, 1580, 1590, 1590, 1600, 1610, 1610, 1620, 1630, 1640, 1640, 1650, 1660, 1670, 1670, 1680, 1690, 1700, 1700, 1710, 1720, 1730, 1750, 1760, 1780, 1790, 1820, 1860, 1960, 2040, 7320, 17910]
write_lats: vec100: [4360, 4720, 4780, 4810, 4840, 4860, 4880, 4900, 4911, 4930, 4950, 4960, 4980, 4990, 5000, 5020, 5030, 5040, 5051, 5070, 5080, 5090, 5100, 5111, 5130, 5140, 5150, 5160, 5180, 5190, 5200, 5220, 5230, 5250, 5260, 5280, 5290, 5310, 5320, 5340, 5360, 5380, 5400, 5420, 5440, 5460, 5480, 5500, 5530, 5550, 5570, 5600, 5620, 5650, 5670, 5690, 5720, 5740, 5760, 5781, 5810, 5830, 5850, 5870, 5890, 5901, 5920, 5940, 5960, 5971, 5990, 6010, 6030, 6040, 6060, 6080, 6091, 6111, 6131, 6160, 6180, 6200, 6230, 6251, 6281, 6320, 6360, 6400, 6450, 6501, 6570, 6650, 6750, 6870, 7010, 7140, 7261, 7390, 7580, 8250, 22440, 8045140]
                 avg          P99       P99.99         P100
Read         1.53μs      2.04μs      5.85μs     17.91μs
Write         5.74μs      8.27μs     21.36μs       8.05ms

=== bench_out6.dat ===
Monster: conflicts=14787, sync_failures=988506, empty_requests=0, try_overtime=108190, check_overtime=11895, replicate_overtime=868421
Ops: 2010000  Time: 8.18s  Throughput: 245582.35 ops/sec
Dirty reads: 0 / 1004950 (0.000%)
read_lats: vec100: [1020, 1410, 1420, 1420, 1420, 1420, 1420, 1420, 1420, 1420, 1420, 1420, 1420, 1420, 1421, 1430, 1430, 1430, 1430, 1430, 1430, 1430, 1430, 1430, 1430, 1430, 1430, 1430, 1430, 1430, 1430, 1430, 1430, 1431, 1440, 1440, 1440, 1440, 1440, 1440, 1440, 1440, 1440, 1440, 1440, 1450, 1450, 1450, 1450, 1450, 1460, 1460, 1460, 1470, 1470, 1480, 1490, 1490, 1500, 1500, 1510, 1520, 1520, 1530, 1540, 1540, 1550, 1560, 1560, 1570, 1580, 1580, 1590, 1590, 1600, 1610, 1620, 1620, 1630, 1640, 1650, 1650, 1660, 1670, 1680, 1680, 1690, 1700, 1710, 1710, 1720, 1730, 1750, 1770, 1780, 1790, 1820, 1870, 1960, 2040, 6570, 3842045]
write_lats: vec100: [4380, 4730, 4780, 4811, 4840, 4860, 4880, 4900, 4910, 4930, 4950, 4960, 4971, 4990, 5000, 5020, 5030, 5040, 5050, 5070, 5080, 5090, 5100, 5110, 5121, 5140, 5150, 5160, 5171, 5190, 5200, 5211, 5230, 5240, 5260, 5270, 5290, 5300, 5320, 5340, 5350, 5370, 5390, 5410, 5430, 5450, 5470, 5500, 5520, 5540, 5570, 5590, 5611, 5640, 5660, 5690, 5710, 5731, 5760, 5780, 5800, 5820, 5840, 5860, 5880, 5900, 5920, 5940, 5950, 5970, 5990, 6001, 6020, 6040, 6051, 6070, 6090, 6110, 6130, 6150, 6170, 6191, 6220, 6250, 6280, 6310, 6350, 6390, 6440, 6500, 6561, 6641, 6740, 6870, 7010, 7150, 7280, 7420, 7640, 8760, 25941, 8134243]
                 avg          P99       P99.99         P100
Read         1.54μs      2.05μs      5.55μs       3.84ms
Write         5.76μs      8.77μs     22.59μs       8.13ms

=== bench_out7.dat ===
Monster: conflicts=18812, sync_failures=1002417, empty_requests=0, try_overtime=120647, check_overtime=15612, replicate_overtime=866158
Ops: 2010000  Time: 8.27s  Throughput: 243111.31 ops/sec
Dirty reads: 1 / 1005299 (0.000%)
  Dirty read avg latency: 880.00μs
read_lats: vec100: [1030, 1410, 1420, 1420, 1420, 1420, 1420, 1420, 1420, 1420, 1420, 1420, 1420, 1421, 1430, 1430, 1430, 1430, 1430, 1430, 1430, 1430, 1430, 1430, 1430, 1430, 1430, 1430, 1430, 1430, 1430, 1430, 1440, 1440, 1440, 1440, 1440, 1440, 1440, 1440, 1440, 1440, 1440, 1440, 1450, 1450, 1450, 1450, 1450, 1451, 1460, 1460, 1470, 1470, 1480, 1480, 1490, 1490, 1500, 1500, 1510, 1520, 1520, 1530, 1540, 1540, 1550, 1560, 1560, 1570, 1580, 1580, 1590, 1600, 1600, 1610, 1620, 1620, 1630, 1640, 1650, 1650, 1660, 1670, 1680, 1680, 1690, 1700, 1710, 1710, 1720, 1730, 1750, 1770, 1780, 1790, 1820, 1870, 1960, 2050, 5770, 880122]
write_lats: vec100: [4360, 4730, 4790, 4820, 4841, 4870, 4890, 4900, 4920, 4940, 4951, 4970, 4981, 5000, 5010, 5030, 5040, 5050, 5061, 5080, 5090, 5100, 5110, 5130, 5140, 5150, 5160, 5180, 5190, 5201, 5220, 5230, 5250, 5260, 5280, 5290, 5310, 5330, 5340, 5360, 5380, 5400, 5420, 5440, 5461, 5490, 5510, 5530, 5560, 5580, 5601, 5630, 5651, 5680, 5700, 5730, 5750, 5770, 5790, 5810, 5831, 5851, 5870, 5890, 5910, 5930, 5950, 5970, 5980, 6000, 6020, 6030, 6050, 6070, 6081, 6100, 6120, 6140, 6161, 6190, 6210, 6240, 6261, 6291, 6330, 6370, 6410, 6460, 6520, 6580, 6661, 6760, 6880, 7010, 7130, 7250, 7370, 7521, 7830, 10920, 8073261, 8073261]
                 avg          P99       P99.99         P100
Read         1.54μs      2.05μs      5.73μs    880.12μs
Write         5.81μs     10.92μs     24.34μs       8.07ms

=== bench_out8.dat ===
Monster: conflicts=25078, sync_failures=999132, empty_requests=0, try_overtime=118182, check_overtime=14729, replicate_overtime=866221
Ops: 2010000  Time: 8.31s  Throughput: 241771.43 ops/sec
Dirty reads: 0 / 1004389 (0.000%)
read_lats: vec100: [1040, 1420, 1420, 1420, 1420, 1420, 1420, 1420, 1420, 1421, 1430, 1430, 1430, 1430, 1430, 1430, 1430, 1430, 1430, 1430, 1430, 1430, 1430, 1430, 1430, 1430, 1430, 1430, 1431, 1440, 1440, 1440, 1440, 1440, 1440, 1440, 1440, 1440, 1440, 1440, 1440, 1440, 1450, 1450, 1450, 1450, 1450, 1450, 1451, 1460, 1460, 1460, 1470, 1470, 1480, 1480, 1490, 1500, 1500, 1510, 1510, 1520, 1530, 1530, 1540, 1550, 1550, 1560, 1570, 1570, 1580, 1590, 1590, 1600, 1610, 1610, 1620, 1630, 1640, 1640, 1650, 1660, 1670, 1670, 1680, 1690, 1700, 1700, 1710, 1720, 1730, 1740, 1760, 1770, 1780, 1800, 1830, 1880, 1980, 2060, 6010, 7353533]
write_lats: vec100: [4330, 4730, 4781, 4820, 4841, 4870, 4890, 4900, 4920, 4940, 4950, 4970, 4980, 5000, 5010, 5030, 5040, 5050, 5060, 5080, 5090, 5100, 5110, 5121, 5140, 5150, 5160, 5180, 5190, 5201, 5220, 5230, 5250, 5260, 5280, 5290, 5310, 5330, 5340, 5360, 5380, 5400, 5420, 5440, 5460, 5481, 5510, 5530, 5551, 5580, 5600, 5630, 5650, 5680, 5700, 5721, 5750, 5770, 5790, 5810, 5831, 5851, 5871, 5890, 5910, 5930, 5950, 5970, 5980, 6000, 6020, 6031, 6050, 6070, 6090, 6101, 6121, 6150, 6170, 6190, 6220, 6240, 6270, 6300, 6340, 6380, 6420, 6471, 6530, 6600, 6690, 6790, 6920, 7050, 7170, 7300, 7430, 7620, 8300, 11830, 36511, 8126462]
                 avg          P99       P99.99         P100
Read         1.55μs      2.06μs      5.86μs       7.35ms
Write         5.83μs     11.83μs     27.62μs       8.13ms

Average throughput across all outputs: 244075.56
Average read latency across all outputs: 1.54 us
Average write latency across all outputs: 5.76 us
