Date: 20260519_1412
YCSB workload: workloada_128_medium

============= RepCXL configuration =============
processes = "0-8"
logger_cluster_size = 3
algorithm = "async_best_effort"
pipeline = false
round_time = 1200 
read_retries = 10
core_affinity = "20-120" 
============= Benchmark Results =============

=== bench_out0.dat ===
Ops: 2010000  Time: 4.38s  Throughput: 459413.39 ops/sec
Dirty reads: 332 / 1006013 (0.033%)
  Dirty read avg latency: 1.05ms
read_lats: vec100: [1020, 1430, 1430, 1430, 1430, 1430, 1430, 1430, 1431, 1440, 1440, 1440, 1440, 1440, 1440, 1440, 1440, 1440, 1440, 1440, 1440, 1440, 1440, 1440, 1441, 1450, 1450, 1450, 1450, 1450, 1450, 1450, 1450, 1450, 1450, 1460, 1460, 1460, 1460, 1460, 1460, 1470, 1470, 1470, 1480, 1480, 1480, 1490, 1490, 1500, 1500, 1510, 1510, 1520, 1520, 1530, 1530, 1540, 1541, 1550, 1560, 1560, 1570, 1570, 1580, 1590, 1590, 1600, 1600, 1610, 1620, 1620, 1630, 1640, 1640, 1650, 1660, 1660, 1670, 1680, 1681, 1690, 1700, 1710, 1711, 1720, 1730, 1740, 1750, 1760, 1780, 1790, 1800, 1820, 1840, 1870, 1920, 1990, 2051, 2330, 1894247, 4853840]
write_lats: vec100: [880, 1120, 1150, 1160, 1170, 1180, 1200, 1210, 1220, 1240, 1260, 1280, 1290, 1300, 1300, 1310, 1310, 1310, 1320, 1320, 1320, 1330, 1330, 1330, 1340, 1340, 1340, 1350, 1350, 1360, 1360, 1370, 1370, 1370, 1380, 1380, 1380, 1390, 1390, 1390, 1400, 1400, 1400, 1410, 1410, 1411, 1420, 1420, 1430, 1430, 1440, 1440, 1441, 1450, 1450, 1460, 1460, 1470, 1480, 1480, 1490, 1500, 1500, 1510, 1510, 1520, 1520, 1530, 1530, 1530, 1540, 1540, 1550, 1550, 1560, 1560, 1570, 1580, 1590, 1590, 1600, 1610, 1620, 1630, 1640, 1650, 1660, 1670, 1681, 1700, 1710, 1730, 1750, 1770, 1790, 1820, 1860, 1910, 1990, 2160, 5740, 10640]
                 avg          P99       P99.99         P100
Read         1.94μs      2.33μs       1.50ms       4.85ms
Write         1.47μs      2.16μs      5.64μs     10.64μs

=== bench_out1.dat ===
Ops: 2010000  Time: 4.34s  Throughput: 462863.09 ops/sec
Dirty reads: 343 / 1005435 (0.034%)
  Dirty read avg latency: 1.03ms
read_lats: vec100: [1020, 1430, 1430, 1430, 1430, 1430, 1430, 1430, 1440, 1440, 1440, 1440, 1440, 1440, 1440, 1440, 1440, 1440, 1440, 1440, 1440, 1440, 1440, 1440, 1450, 1450, 1450, 1450, 1450, 1450, 1450, 1450, 1450, 1450, 1451, 1460, 1460, 1460, 1460, 1460, 1470, 1470, 1470, 1470, 1480, 1480, 1490, 1490, 1490, 1500, 1500, 1510, 1510, 1520, 1520, 1530, 1531, 1540, 1550, 1550, 1560, 1560, 1570, 1580, 1580, 1590, 1590, 1600, 1600, 1610, 1620, 1620, 1630, 1640, 1640, 1650, 1660, 1670, 1670, 1680, 1690, 1690, 1700, 1710, 1720, 1720, 1730, 1740, 1750, 1770, 1780, 1790, 1800, 1820, 1840, 1870, 1920, 1990, 2060, 2340, 1844276, 2013140]
write_lats: vec100: [900, 1130, 1150, 1160, 1170, 1190, 1200, 1210, 1230, 1240, 1260, 1280, 1290, 1300, 1300, 1310, 1310, 1311, 1320, 1320, 1320, 1330, 1330, 1330, 1340, 1340, 1340, 1350, 1350, 1360, 1360, 1370, 1370, 1370, 1380, 1380, 1380, 1390, 1390, 1390, 1400, 1400, 1400, 1410, 1410, 1411, 1420, 1420, 1430, 1430, 1440, 1440, 1440, 1450, 1450, 1460, 1460, 1470, 1480, 1480, 1490, 1500, 1500, 1510, 1511, 1520, 1520, 1530, 1530, 1540, 1540, 1540, 1550, 1550, 1560, 1560, 1570, 1580, 1590, 1600, 1600, 1610, 1620, 1630, 1640, 1650, 1660, 1680, 1690, 1700, 1711, 1730, 1750, 1770, 1791, 1820, 1860, 1920, 2000, 2170, 6260, 8677474]
                 avg          P99       P99.99         P100
Read         1.94μs      2.35μs       1.48ms       2.01ms
Write         1.49μs      2.17μs      5.69μs       8.68ms

=== bench_out2.dat ===
Ops: 2010000  Time: 4.35s  Throughput: 461858.18 ops/sec
Dirty reads: 345 / 1004403 (0.034%)
  Dirty read avg latency: 976.00μs
read_lats: vec100: [1030, 1430, 1430, 1430, 1430, 1430, 1440, 1440, 1440, 1440, 1440, 1440, 1440, 1440, 1440, 1440, 1440, 1440, 1440, 1440, 1440, 1440, 1450, 1450, 1450, 1450, 1450, 1450, 1450, 1450, 1450, 1450, 1450, 1451, 1460, 1460, 1460, 1460, 1460, 1460, 1470, 1470, 1470, 1471, 1480, 1480, 1490, 1490, 1500, 1500, 1501, 1510, 1511, 1520, 1530, 1530, 1540, 1540, 1550, 1550, 1560, 1561, 1570, 1580, 1580, 1590, 1590, 1600, 1610, 1610, 1620, 1620, 1630, 1640, 1641, 1650, 1660, 1670, 1670, 1680, 1690, 1700, 1700, 1710, 1720, 1721, 1730, 1740, 1750, 1770, 1780, 1790, 1800, 1820, 1840, 1871, 1920, 2000, 2060, 2350, 2037340, 7890215]
write_lats: vec100: [900, 1121, 1150, 1160, 1170, 1190, 1200, 1210, 1230, 1240, 1270, 1290, 1290, 1300, 1300, 1310, 1310, 1320, 1320, 1320, 1321, 1330, 1330, 1330, 1340, 1340, 1340, 1350, 1350, 1360, 1360, 1370, 1370, 1370, 1380, 1380, 1380, 1390, 1390, 1390, 1390, 1400, 1400, 1400, 1410, 1410, 1420, 1420, 1430, 1430, 1440, 1440, 1441, 1450, 1450, 1460, 1460, 1470, 1480, 1490, 1490, 1500, 1510, 1510, 1520, 1520, 1520, 1530, 1530, 1530, 1540, 1540, 1550, 1550, 1560, 1560, 1570, 1580, 1590, 1590, 1600, 1610, 1620, 1630, 1640, 1650, 1660, 1680, 1690, 1700, 1720, 1730, 1750, 1770, 1790, 1820, 1860, 1920, 2000, 2160, 5900, 4832490]
                 avg          P99       P99.99         P100
Read         1.93μs      2.35μs       1.37ms       7.89ms
Write         1.48μs      2.16μs      5.88μs       4.83ms

=== bench_out3.dat ===
Ops: 2010000  Time: 4.36s  Throughput: 461275.84 ops/sec
Dirty reads: 356 / 1004841 (0.035%)
  Dirty read avg latency: 1.07ms
read_lats: vec100: [1000, 1430, 1430, 1430, 1430, 1431, 1440, 1440, 1440, 1440, 1440, 1440, 1440, 1440, 1440, 1440, 1440, 1440, 1440, 1440, 1440, 1450, 1450, 1450, 1450, 1450, 1450, 1450, 1450, 1450, 1450, 1450, 1450, 1460, 1460, 1460, 1460, 1460, 1460, 1460, 1470, 1470, 1470, 1471, 1480, 1480, 1490, 1490, 1500, 1500, 1510, 1510, 1520, 1520, 1530, 1530, 1540, 1540, 1550, 1550, 1560, 1570, 1570, 1580, 1580, 1590, 1591, 1600, 1610, 1610, 1620, 1621, 1630, 1640, 1650, 1650, 1660, 1670, 1670, 1680, 1690, 1700, 1700, 1710, 1720, 1730, 1730, 1740, 1750, 1770, 1780, 1790, 1800, 1820, 1850, 1880, 1920, 2000, 2060, 2341, 1756804, 8855559]
write_lats: vec100: [910, 1120, 1150, 1160, 1170, 1190, 1200, 1210, 1230, 1250, 1270, 1290, 1300, 1300, 1301, 1310, 1310, 1320, 1320, 1320, 1330, 1330, 1330, 1330, 1340, 1340, 1340, 1350, 1350, 1360, 1360, 1370, 1370, 1370, 1380, 1380, 1380, 1390, 1390, 1390, 1391, 1400, 1400, 1400, 1410, 1410, 1420, 1420, 1430, 1430, 1440, 1440, 1440, 1450, 1450, 1460, 1460, 1470, 1480, 1490, 1490, 1500, 1510, 1510, 1520, 1520, 1520, 1530, 1530, 1531, 1540, 1540, 1550, 1550, 1560, 1560, 1570, 1580, 1590, 1590, 1600, 1610, 1620, 1630, 1640, 1650, 1660, 1671, 1690, 1700, 1710, 1730, 1750, 1770, 1790, 1820, 1860, 1910, 2000, 2170, 6140, 24470]
                 avg          P99       P99.99         P100
Read         1.99μs      2.35μs       1.56ms       8.86ms
Write         1.47μs      2.17μs      5.55μs     24.47μs

=== bench_out4.dat ===
Ops: 2010000  Time: 4.34s  Throughput: 463472.40 ops/sec
Dirty reads: 377 / 1005388 (0.037%)
  Dirty read avg latency: 1.02ms
read_lats: vec100: [1030, 1420, 1420, 1420, 1430, 1430, 1430, 1430, 1430, 1430, 1430, 1430, 1430, 1430, 1430, 1430, 1430, 1431, 1440, 1440, 1440, 1440, 1440, 1440, 1440, 1440, 1440, 1440, 1440, 1450, 1450, 1450, 1450, 1450, 1450, 1450, 1460, 1460, 1460, 1460, 1470, 1470, 1470, 1480, 1480, 1481, 1490, 1490, 1500, 1500, 1510, 1510, 1520, 1520, 1530, 1530, 1540, 1550, 1550, 1560, 1560, 1570, 1570, 1580, 1580, 1590, 1590, 1600, 1601, 1610, 1620, 1620, 1630, 1640, 1640, 1650, 1660, 1670, 1670, 1680, 1690, 1690, 1700, 1710, 1711, 1720, 1730, 1740, 1750, 1770, 1780, 1790, 1800, 1820, 1850, 1880, 1930, 1990, 2061, 2350, 1549658, 2079952]
write_lats: vec100: [870, 1100, 1140, 1150, 1170, 1170, 1180, 1200, 1210, 1220, 1230, 1250, 1270, 1280, 1290, 1300, 1300, 1310, 1310, 1310, 1320, 1320, 1320, 1320, 1330, 1330, 1330, 1340, 1340, 1340, 1350, 1350, 1360, 1360, 1370, 1370, 1370, 1380, 1380, 1380, 1390, 1390, 1390, 1400, 1400, 1400, 1410, 1410, 1420, 1420, 1430, 1430, 1440, 1440, 1450, 1450, 1460, 1460, 1470, 1480, 1480, 1490, 1500, 1500, 1510, 1510, 1520, 1520, 1530, 1530, 1530, 1540, 1540, 1550, 1550, 1560, 1560, 1570, 1580, 1590, 1591, 1600, 1610, 1620, 1630, 1640, 1660, 1670, 1680, 1690, 1710, 1720, 1740, 1760, 1790, 1820, 1850, 1910, 1990, 2150, 7950, 8753676]
                 avg          P99       P99.99         P100
Read         1.97μs      2.36μs       1.43ms       2.08ms
Write         1.49μs      2.15μs      5.50μs       8.75ms

=== bench_out5.dat ===
Ops: 2010000  Time: 4.32s  Throughput: 465140.60 ops/sec
Dirty reads: 370 / 1004836 (0.037%)
  Dirty read avg latency: 1.08ms
read_lats: vec100: [1040, 1420, 1420, 1420, 1430, 1430, 1430, 1430, 1430, 1430, 1430, 1430, 1430, 1430, 1430, 1430, 1430, 1431, 1440, 1440, 1440, 1440, 1440, 1440, 1440, 1440, 1440, 1440, 1440, 1441, 1450, 1450, 1450, 1450, 1450, 1450, 1460, 1460, 1460, 1460, 1470, 1470, 1470, 1480, 1480, 1480, 1490, 1490, 1500, 1500, 1510, 1510, 1520, 1520, 1530, 1530, 1540, 1540, 1550, 1560, 1560, 1570, 1570, 1580, 1580, 1590, 1590, 1600, 1600, 1610, 1620, 1620, 1630, 1640, 1640, 1650, 1660, 1661, 1670, 1680, 1690, 1690, 1700, 1710, 1711, 1720, 1730, 1740, 1750, 1770, 1780, 1790, 1800, 1820, 1850, 1880, 1920, 1990, 2060, 2340, 1781174, 8568391]
write_lats: vec100: [900, 1110, 1140, 1150, 1170, 1171, 1181, 1200, 1210, 1220, 1240, 1250, 1270, 1280, 1290, 1300, 1300, 1310, 1310, 1310, 1320, 1320, 1320, 1320, 1330, 1330, 1330, 1340, 1340, 1340, 1350, 1350, 1360, 1360, 1370, 1370, 1370, 1380, 1380, 1381, 1390, 1390, 1390, 1400, 1400, 1410, 1410, 1410, 1420, 1420, 1430, 1430, 1440, 1440, 1450, 1450, 1460, 1460, 1470, 1480, 1480, 1490, 1500, 1500, 1510, 1510, 1520, 1520, 1530, 1530, 1531, 1540, 1540, 1550, 1550, 1560, 1560, 1570, 1580, 1590, 1600, 1601, 1610, 1620, 1630, 1650, 1660, 1670, 1680, 1690, 1710, 1730, 1740, 1760, 1790, 1820, 1850, 1910, 1990, 2150, 5770, 8772857]
                 avg          P99       P99.99         P100
Read         1.98μs      2.35μs       1.55ms       8.57ms
Write         1.48μs      2.15μs      5.38μs       8.77ms

=== bench_out6.dat ===
Ops: 2010000  Time: 4.25s  Throughput: 473445.14 ops/sec
Dirty reads: 339 / 1004950 (0.034%)
  Dirty read avg latency: 959.29μs
read_lats: vec100: [1010, 1420, 1420, 1430, 1430, 1430, 1430, 1430, 1430, 1430, 1430, 1430, 1430, 1430, 1430, 1440, 1440, 1440, 1440, 1440, 1440, 1440, 1440, 1440, 1440, 1440, 1440, 1440, 1450, 1450, 1450, 1450, 1450, 1450, 1450, 1451, 1460, 1460, 1460, 1460, 1470, 1470, 1470, 1480, 1480, 1490, 1490, 1490, 1500, 1500, 1510, 1510, 1520, 1520, 1530, 1530, 1540, 1541, 1550, 1560, 1560, 1570, 1570, 1580, 1580, 1590, 1590, 1600, 1610, 1610, 1620, 1620, 1630, 1640, 1640, 1650, 1660, 1670, 1670, 1680, 1690, 1690, 1700, 1710, 1720, 1720, 1730, 1740, 1750, 1770, 1780, 1790, 1800, 1820, 1850, 1880, 1920, 1990, 2060, 2330, 1626391, 7952176]
write_lats: vec100: [910, 1110, 1140, 1160, 1170, 1180, 1181, 1200, 1210, 1220, 1230, 1250, 1270, 1280, 1290, 1300, 1300, 1310, 1310, 1310, 1320, 1320, 1320, 1330, 1330, 1330, 1330, 1340, 1340, 1340, 1350, 1350, 1360, 1360, 1370, 1370, 1380, 1380, 1380, 1390, 1390, 1390, 1400, 1400, 1400, 1410, 1410, 1420, 1420, 1430, 1430, 1440, 1440, 1440, 1450, 1451, 1460, 1470, 1470, 1480, 1490, 1490, 1500, 1510, 1510, 1511, 1520, 1520, 1530, 1530, 1540, 1540, 1540, 1550, 1550, 1560, 1570, 1570, 1580, 1590, 1600, 1610, 1620, 1630, 1640, 1650, 1660, 1670, 1680, 1700, 1710, 1730, 1750, 1770, 1790, 1820, 1860, 1910, 1990, 2150, 5850, 4145002]
                 avg          P99       P99.99         P100
Read         1.92μs      2.33μs       1.31ms       7.95ms
Write         1.47μs      2.15μs      5.33μs       4.15ms

=== bench_out7.dat ===
Ops: 2010000  Time: 4.32s  Throughput: 465609.08 ops/sec
Dirty reads: 343 / 1005299 (0.034%)
  Dirty read avg latency: 1.09ms
read_lats: vec100: [1000, 1420, 1420, 1430, 1430, 1430, 1430, 1430, 1430, 1430, 1430, 1430, 1430, 1430, 1431, 1440, 1440, 1440, 1440, 1440, 1440, 1440, 1440, 1440, 1440, 1440, 1440, 1441, 1450, 1450, 1450, 1450, 1450, 1450, 1450, 1460, 1460, 1460, 1460, 1461, 1470, 1470, 1470, 1480, 1480, 1490, 1490, 1500, 1500, 1501, 1510, 1511, 1520, 1521, 1530, 1540, 1540, 1550, 1550, 1560, 1560, 1570, 1570, 1580, 1590, 1590, 1600, 1600, 1610, 1610, 1620, 1630, 1630, 1640, 1650, 1650, 1660, 1670, 1670, 1680, 1690, 1700, 1700, 1710, 1720, 1721, 1730, 1740, 1760, 1770, 1780, 1790, 1810, 1830, 1850, 1880, 1930, 1990, 2060, 2350, 1470016, 9295680]
write_lats: vec100: [870, 1110, 1140, 1160, 1170, 1180, 1190, 1200, 1210, 1220, 1240, 1260, 1280, 1290, 1290, 1300, 1300, 1310, 1310, 1320, 1320, 1320, 1320, 1330, 1330, 1330, 1330, 1340, 1340, 1340, 1350, 1350, 1360, 1361, 1370, 1370, 1380, 1380, 1380, 1390, 1390, 1390, 1400, 1400, 1400, 1410, 1410, 1420, 1420, 1430, 1430, 1440, 1440, 1440, 1450, 1450, 1460, 1470, 1470, 1480, 1490, 1490, 1500, 1510, 1510, 1520, 1520, 1520, 1530, 1530, 1540, 1540, 1540, 1550, 1550, 1560, 1570, 1570, 1580, 1590, 1600, 1610, 1620, 1630, 1640, 1650, 1660, 1670, 1680, 1690, 1710, 1730, 1740, 1760, 1790, 1820, 1850, 1910, 1990, 2150, 7963997, 7963997]
                 avg          P99       P99.99         P100
Read         1.96μs      2.35μs       1.46ms       9.30ms
Write         1.47μs      2.15μs      6.65μs       7.96ms

=== bench_out8.dat ===
Ops: 2010000  Time: 4.32s  Throughput: 465062.88 ops/sec
Dirty reads: 346 / 1004389 (0.034%)
  Dirty read avg latency: 1.01ms
read_lats: vec100: [1030, 1420, 1430, 1430, 1430, 1430, 1430, 1430, 1430, 1430, 1430, 1430, 1440, 1440, 1440, 1440, 1440, 1440, 1440, 1440, 1440, 1440, 1440, 1440, 1440, 1441, 1450, 1450, 1450, 1450, 1450, 1450, 1450, 1450, 1460, 1460, 1460, 1460, 1460, 1470, 1470, 1470, 1480, 1480, 1480, 1490, 1490, 1500, 1500, 1510, 1510, 1520, 1520, 1530, 1530, 1540, 1540, 1550, 1550, 1560, 1560, 1570, 1580, 1580, 1590, 1590, 1600, 1600, 1610, 1610, 1620, 1630, 1630, 1640, 1650, 1650, 1660, 1670, 1671, 1680, 1690, 1700, 1700, 1710, 1720, 1730, 1730, 1740, 1760, 1770, 1780, 1790, 1810, 1820, 1850, 1880, 1921, 1990, 2060, 2340, 1452736, 4202834]
write_lats: vec100: [900, 1110, 1140, 1160, 1170, 1180, 1190, 1200, 1210, 1220, 1230, 1250, 1270, 1280, 1290, 1300, 1300, 1310, 1310, 1310, 1320, 1320, 1320, 1330, 1330, 1330, 1330, 1340, 1340, 1340, 1350, 1350, 1360, 1360, 1370, 1370, 1380, 1380, 1380, 1390, 1390, 1390, 1400, 1400, 1400, 1410, 1410, 1420, 1420, 1430, 1430, 1440, 1440, 1440, 1450, 1450, 1460, 1470, 1470, 1480, 1490, 1490, 1500, 1510, 1510, 1511, 1520, 1520, 1530, 1530, 1531, 1540, 1540, 1550, 1550, 1560, 1570, 1570, 1580, 1590, 1600, 1610, 1620, 1630, 1640, 1650, 1660, 1670, 1680, 1700, 1710, 1730, 1750, 1770, 1790, 1820, 1860, 1910, 1990, 2160, 8210, 8779487]
                 avg          P99       P99.99         P100
Read         1.94μs      2.34μs       1.40ms       4.20ms
Write         1.48μs      2.16μs      5.84μs       8.78ms

Average throughput across all outputs: 464237.78
Average read latency across all outputs: 1.95 us
Average write latency across all outputs: 1.48 us
