Date: 20260519_1416
YCSB workload: workloada_16_medium

============= RepCXL configuration =============
processes = "0-8"
logger_cluster_size = 3
algorithm = "async_best_effort"
pipeline = false
round_time = 1200 
read_retries = 10
core_affinity = "20-120" 
============= Benchmark Results =============

=== bench_out0.dat ===
Ops: 2010000  Time: 3.63s  Throughput: 554321.16 ops/sec
Dirty reads: 259 / 1005363 (0.026%)
  Dirty read avg latency: 969.41μs
read_lats: vec100: [860, 1300, 1300, 1300, 1301, 1310, 1310, 1310, 1310, 1310, 1310, 1310, 1310, 1310, 1310, 1310, 1310, 1310, 1310, 1310, 1310, 1310, 1310, 1310, 1310, 1310, 1310, 1310, 1310, 1310, 1310, 1310, 1311, 1320, 1320, 1320, 1320, 1320, 1320, 1320, 1320, 1320, 1320, 1320, 1320, 1320, 1320, 1320, 1320, 1320, 1320, 1320, 1320, 1320, 1320, 1320, 1320, 1320, 1320, 1320, 1320, 1320, 1321, 1330, 1330, 1330, 1330, 1330, 1330, 1330, 1330, 1330, 1340, 1340, 1340, 1350, 1360, 1360, 1370, 1380, 1390, 1400, 1410, 1420, 1421, 1430, 1450, 1460, 1470, 1480, 1500, 1510, 1530, 1540, 1560, 1580, 1590, 1611, 1660, 1730, 1482707, 6358108]
write_lats: vec100: [780, 890, 990, 1001, 1020, 1030, 1040, 1040, 1050, 1050, 1080, 1080, 1090, 1090, 1090, 1090, 1100, 1100, 1100, 1100, 1110, 1110, 1110, 1110, 1120, 1120, 1130, 1140, 1150, 1150, 1150, 1160, 1160, 1160, 1160, 1170, 1170, 1170, 1180, 1180, 1180, 1181, 1190, 1190, 1190, 1190, 1190, 1190, 1200, 1200, 1200, 1200, 1200, 1200, 1210, 1210, 1210, 1210, 1210, 1220, 1220, 1220, 1220, 1230, 1230, 1230, 1230, 1240, 1240, 1240, 1250, 1250, 1260, 1260, 1270, 1270, 1280, 1280, 1290, 1290, 1300, 1300, 1310, 1320, 1330, 1350, 1360, 1370, 1380, 1390, 1410, 1430, 1440, 1460, 1480, 1500, 1530, 1560, 1610, 1710, 6430, 8535252]
                 avg          P99       P99.99         P100
Read         1.62μs      1.73μs       1.17ms       6.36ms
Write         1.23μs      1.71μs      5.25μs       8.54ms

=== bench_out1.dat ===
Ops: 2010000  Time: 3.64s  Throughput: 552172.41 ops/sec
Dirty reads: 256 / 1004520 (0.025%)
  Dirty read avg latency: 1.07ms
read_lats: vec100: [890, 1300, 1300, 1310, 1310, 1310, 1310, 1310, 1310, 1310, 1310, 1310, 1310, 1310, 1310, 1310, 1310, 1310, 1310, 1310, 1310, 1310, 1310, 1310, 1310, 1310, 1310, 1310, 1320, 1320, 1320, 1320, 1320, 1320, 1320, 1320, 1320, 1320, 1320, 1320, 1320, 1320, 1320, 1320, 1320, 1320, 1320, 1320, 1320, 1320, 1320, 1320, 1320, 1320, 1320, 1320, 1320, 1320, 1320, 1321, 1330, 1330, 1330, 1330, 1330, 1330, 1330, 1330, 1330, 1330, 1330, 1340, 1340, 1340, 1350, 1350, 1360, 1370, 1370, 1380, 1390, 1400, 1410, 1420, 1430, 1440, 1450, 1460, 1470, 1490, 1500, 1511, 1530, 1541, 1560, 1580, 1600, 1620, 1660, 1730, 1875736, 9048565]
write_lats: vec100: [780, 890, 990, 1000, 1020, 1030, 1040, 1040, 1050, 1070, 1080, 1090, 1090, 1090, 1090, 1090, 1100, 1100, 1100, 1100, 1100, 1100, 1100, 1110, 1110, 1110, 1110, 1110, 1120, 1120, 1120, 1130, 1140, 1150, 1150, 1160, 1160, 1170, 1170, 1180, 1180, 1180, 1190, 1190, 1190, 1190, 1200, 1200, 1200, 1200, 1210, 1210, 1210, 1210, 1210, 1210, 1220, 1220, 1220, 1220, 1220, 1220, 1230, 1230, 1230, 1230, 1240, 1240, 1240, 1250, 1250, 1260, 1270, 1270, 1280, 1280, 1290, 1290, 1300, 1300, 1310, 1320, 1320, 1330, 1340, 1360, 1370, 1380, 1390, 1400, 1420, 1430, 1450, 1460, 1490, 1510, 1540, 1570, 1620, 1720, 5660, 20710]
                 avg          P99       P99.99         P100
Read         1.66μs      1.73μs       1.33ms       9.05ms
Write         1.22μs      1.72μs      5.51μs     20.71μs

=== bench_out2.dat ===
Ops: 2010000  Time: 3.63s  Throughput: 553371.83 ops/sec
Dirty reads: 246 / 1005718 (0.024%)
  Dirty read avg latency: 995.08μs
read_lats: vec100: [880, 1301, 1310, 1310, 1310, 1310, 1310, 1310, 1310, 1310, 1310, 1310, 1310, 1310, 1310, 1310, 1310, 1310, 1310, 1311, 1320, 1320, 1320, 1320, 1320, 1320, 1320, 1320, 1320, 1320, 1320, 1320, 1320, 1320, 1320, 1320, 1320, 1320, 1320, 1320, 1320, 1320, 1320, 1320, 1320, 1320, 1320, 1320, 1320, 1320, 1320, 1320, 1320, 1320, 1321, 1330, 1330, 1330, 1330, 1330, 1330, 1330, 1330, 1330, 1330, 1330, 1330, 1330, 1330, 1331, 1340, 1340, 1340, 1340, 1350, 1350, 1360, 1370, 1380, 1380, 1390, 1400, 1410, 1420, 1430, 1440, 1450, 1460, 1470, 1490, 1500, 1520, 1530, 1550, 1560, 1580, 1600, 1620, 1660, 1730, 1827106, 8709376]
write_lats: vec100: [740, 890, 1000, 1010, 1020, 1030, 1040, 1040, 1050, 1050, 1080, 1090, 1090, 1090, 1090, 1100, 1100, 1100, 1100, 1100, 1110, 1110, 1110, 1110, 1111, 1120, 1130, 1140, 1150, 1150, 1160, 1160, 1160, 1160, 1160, 1170, 1170, 1170, 1180, 1180, 1180, 1190, 1190, 1190, 1190, 1190, 1190, 1190, 1200, 1200, 1200, 1200, 1200, 1201, 1210, 1210, 1210, 1210, 1210, 1220, 1220, 1220, 1220, 1230, 1230, 1230, 1230, 1240, 1240, 1250, 1250, 1250, 1260, 1260, 1270, 1280, 1280, 1280, 1290, 1290, 1300, 1300, 1310, 1321, 1340, 1350, 1360, 1380, 1390, 1400, 1410, 1430, 1440, 1460, 1480, 1500, 1530, 1560, 1610, 1710, 5820, 1115357]
                 avg          P99       P99.99         P100
Read         1.63μs      1.73μs       1.17ms       8.71ms
Write         1.22μs      1.71μs      5.62μs       1.12ms

=== bench_out3.dat ===
Ops: 2010000  Time: 3.64s  Throughput: 552850.02 ops/sec
Dirty reads: 247 / 1004359 (0.025%)
  Dirty read avg latency: 1.01ms
read_lats: vec100: [861, 1300, 1310, 1310, 1310, 1310, 1310, 1310, 1310, 1310, 1310, 1310, 1310, 1310, 1310, 1310, 1310, 1310, 1310, 1310, 1311, 1320, 1320, 1320, 1320, 1320, 1320, 1320, 1320, 1320, 1320, 1320, 1320, 1320, 1320, 1320, 1320, 1320, 1320, 1320, 1320, 1320, 1320, 1320, 1320, 1320, 1320, 1320, 1320, 1320, 1320, 1320, 1320, 1320, 1321, 1321, 1330, 1330, 1330, 1330, 1330, 1330, 1330, 1330, 1330, 1330, 1330, 1330, 1330, 1331, 1340, 1340, 1340, 1340, 1350, 1350, 1360, 1370, 1380, 1380, 1390, 1400, 1410, 1420, 1430, 1440, 1450, 1460, 1480, 1490, 1500, 1520, 1530, 1550, 1560, 1580, 1600, 1620, 1660, 1730, 1525108, 8868260]
write_lats: vec100: [750, 900, 1000, 1010, 1020, 1030, 1040, 1040, 1050, 1050, 1080, 1090, 1090, 1090, 1090, 1100, 1100, 1100, 1100, 1100, 1110, 1110, 1110, 1110, 1120, 1120, 1140, 1150, 1150, 1150, 1160, 1160, 1160, 1160, 1160, 1170, 1170, 1180, 1180, 1180, 1190, 1190, 1190, 1190, 1190, 1190, 1190, 1191, 1200, 1200, 1200, 1200, 1200, 1200, 1210, 1210, 1210, 1210, 1210, 1211, 1220, 1220, 1220, 1220, 1230, 1230, 1230, 1240, 1240, 1240, 1250, 1250, 1250, 1260, 1261, 1270, 1280, 1280, 1290, 1290, 1300, 1300, 1310, 1321, 1340, 1350, 1360, 1380, 1390, 1400, 1410, 1430, 1440, 1460, 1480, 1500, 1530, 1560, 1610, 1710, 6741, 2981094]
                 avg          P99       P99.99         P100
Read         1.63μs      1.73μs       1.16ms       8.87ms
Write         1.22μs      1.71μs      5.38μs       2.98ms

=== bench_out4.dat ===
Ops: 2010000  Time: 3.62s  Throughput: 554978.07 ops/sec
Dirty reads: 260 / 1003957 (0.026%)
  Dirty read avg latency: 985.51μs
read_lats: vec100: [890, 1290, 1300, 1300, 1300, 1300, 1300, 1300, 1300, 1300, 1300, 1300, 1300, 1300, 1300, 1300, 1300, 1300, 1300, 1301, 1310, 1310, 1310, 1310, 1310, 1310, 1310, 1310, 1310, 1310, 1310, 1310, 1310, 1310, 1310, 1310, 1310, 1310, 1310, 1310, 1310, 1310, 1310, 1310, 1310, 1310, 1310, 1310, 1310, 1310, 1310, 1311, 1311, 1320, 1320, 1320, 1320, 1320, 1320, 1320, 1320, 1320, 1320, 1320, 1320, 1320, 1320, 1321, 1330, 1330, 1330, 1330, 1331, 1340, 1340, 1350, 1360, 1370, 1370, 1380, 1390, 1400, 1410, 1410, 1420, 1430, 1450, 1460, 1470, 1480, 1500, 1510, 1530, 1540, 1560, 1580, 1590, 1620, 1660, 1740, 1584569, 8340987]
write_lats: vec100: [570, 870, 990, 1000, 1010, 1030, 1030, 1040, 1040, 1040, 1050, 1070, 1080, 1080, 1090, 1090, 1090, 1090, 1090, 1100, 1100, 1100, 1100, 1110, 1110, 1120, 1130, 1130, 1140, 1140, 1150, 1150, 1150, 1160, 1160, 1160, 1170, 1170, 1170, 1170, 1180, 1180, 1180, 1180, 1180, 1190, 1190, 1190, 1190, 1190, 1190, 1200, 1200, 1200, 1200, 1200, 1210, 1210, 1210, 1210, 1220, 1220, 1220, 1220, 1230, 1230, 1230, 1240, 1240, 1240, 1250, 1250, 1260, 1260, 1270, 1270, 1280, 1280, 1290, 1290, 1300, 1310, 1311, 1330, 1340, 1350, 1360, 1370, 1380, 1391, 1410, 1421, 1440, 1460, 1480, 1500, 1530, 1560, 1610, 1710, 6180, 8758007]
                 avg          P99       P99.99         P100
Read         1.63μs      1.74μs       1.23ms       8.34ms
Write         1.23μs      1.71μs      5.47μs       8.76ms

=== bench_out5.dat ===
Ops: 2010000  Time: 3.59s  Throughput: 560173.02 ops/sec
Dirty reads: 245 / 1004782 (0.024%)
  Dirty read avg latency: 1.04ms
read_lats: vec100: [890, 1290, 1300, 1300, 1300, 1300, 1300, 1300, 1300, 1300, 1300, 1300, 1300, 1300, 1300, 1300, 1300, 1300, 1300, 1301, 1310, 1310, 1310, 1310, 1310, 1310, 1310, 1310, 1310, 1310, 1310, 1310, 1310, 1310, 1310, 1310, 1310, 1310, 1310, 1310, 1310, 1310, 1310, 1310, 1310, 1310, 1310, 1310, 1310, 1310, 1310, 1310, 1311, 1320, 1320, 1320, 1320, 1320, 1320, 1320, 1320, 1320, 1320, 1320, 1320, 1320, 1320, 1320, 1330, 1330, 1330, 1330, 1330, 1340, 1340, 1350, 1360, 1360, 1370, 1380, 1390, 1400, 1400, 1410, 1420, 1430, 1440, 1460, 1470, 1480, 1500, 1510, 1530, 1540, 1560, 1570, 1590, 1610, 1660, 1730, 1360334, 9407433]
write_lats: vec100: [750, 880, 990, 1000, 1010, 1030, 1030, 1040, 1040, 1040, 1050, 1060, 1080, 1080, 1080, 1090, 1090, 1090, 1090, 1100, 1100, 1100, 1100, 1110, 1110, 1120, 1130, 1130, 1140, 1140, 1150, 1150, 1150, 1160, 1160, 1160, 1170, 1170, 1170, 1170, 1180, 1180, 1180, 1180, 1180, 1180, 1190, 1190, 1190, 1190, 1190, 1190, 1200, 1200, 1200, 1200, 1200, 1210, 1210, 1210, 1210, 1220, 1220, 1220, 1230, 1230, 1230, 1230, 1240, 1240, 1250, 1250, 1250, 1260, 1260, 1270, 1280, 1280, 1290, 1290, 1300, 1300, 1310, 1320, 1340, 1350, 1360, 1370, 1380, 1390, 1410, 1420, 1440, 1460, 1480, 1500, 1521, 1560, 1610, 1710, 7420, 8366478]
                 avg          P99       P99.99         P100
Read         1.62μs      1.73μs       1.18ms       9.41ms
Write         1.22μs      1.71μs      5.15μs       8.37ms

=== bench_out6.dat ===
Ops: 2010000  Time: 3.58s  Throughput: 561600.16 ops/sec
Dirty reads: 246 / 1004868 (0.024%)
  Dirty read avg latency: 1.04ms
read_lats: vec100: [880, 1300, 1300, 1300, 1300, 1300, 1300, 1300, 1300, 1300, 1301, 1310, 1310, 1310, 1310, 1310, 1310, 1310, 1310, 1310, 1310, 1310, 1310, 1310, 1310, 1310, 1310, 1310, 1310, 1310, 1310, 1310, 1310, 1310, 1310, 1310, 1310, 1310, 1310, 1310, 1310, 1310, 1311, 1320, 1320, 1320, 1320, 1320, 1320, 1320, 1320, 1320, 1320, 1320, 1320, 1320, 1320, 1320, 1320, 1320, 1320, 1320, 1320, 1320, 1320, 1321, 1330, 1330, 1330, 1330, 1330, 1330, 1340, 1340, 1350, 1350, 1360, 1370, 1370, 1380, 1390, 1400, 1410, 1420, 1421, 1440, 1450, 1460, 1470, 1480, 1500, 1510, 1530, 1540, 1560, 1580, 1590, 1610, 1660, 1730, 1447325, 9430273]
write_lats: vec100: [760, 871, 990, 1000, 1010, 1030, 1030, 1040, 1040, 1040, 1050, 1070, 1080, 1080, 1090, 1090, 1090, 1090, 1100, 1100, 1100, 1100, 1110, 1110, 1110, 1120, 1130, 1140, 1140, 1150, 1150, 1150, 1150, 1160, 1160, 1160, 1170, 1170, 1170, 1180, 1180, 1180, 1180, 1180, 1190, 1190, 1190, 1190, 1190, 1190, 1190, 1200, 1200, 1200, 1200, 1200, 1210, 1210, 1210, 1210, 1220, 1220, 1220, 1220, 1230, 1230, 1230, 1240, 1240, 1240, 1250, 1250, 1260, 1260, 1270, 1270, 1280, 1280, 1290, 1290, 1300, 1300, 1310, 1320, 1330, 1341, 1360, 1370, 1380, 1390, 1410, 1420, 1440, 1460, 1480, 1500, 1530, 1560, 1610, 1710, 6340, 15010]
                 avg          P99       P99.99         P100
Read         1.63μs      1.73μs       1.17ms       9.43ms
Write         1.22μs      1.71μs      5.14μs     15.01μs

=== bench_out7.dat ===
Ops: 2010000  Time: 3.58s  Throughput: 561459.31 ops/sec
Dirty reads: 237 / 1004908 (0.024%)
  Dirty read avg latency: 959.32μs
read_lats: vec100: [890, 1300, 1300, 1300, 1300, 1300, 1300, 1300, 1300, 1300, 1300, 1300, 1301, 1310, 1310, 1310, 1310, 1310, 1310, 1310, 1310, 1310, 1310, 1310, 1310, 1310, 1310, 1310, 1310, 1310, 1310, 1310, 1310, 1310, 1310, 1310, 1310, 1310, 1310, 1310, 1310, 1310, 1310, 1310, 1310, 1311, 1320, 1320, 1320, 1320, 1320, 1320, 1320, 1320, 1320, 1320, 1320, 1320, 1320, 1320, 1320, 1320, 1320, 1320, 1320, 1321, 1330, 1330, 1330, 1330, 1330, 1330, 1340, 1340, 1340, 1350, 1360, 1370, 1370, 1380, 1390, 1400, 1410, 1411, 1420, 1430, 1441, 1460, 1470, 1480, 1500, 1510, 1530, 1540, 1560, 1571, 1590, 1611, 1660, 1730, 1894487, 6197433]
write_lats: vec100: [770, 870, 990, 1000, 1010, 1030, 1030, 1040, 1040, 1040, 1050, 1060, 1080, 1080, 1090, 1090, 1090, 1090, 1090, 1100, 1100, 1100, 1100, 1110, 1110, 1111, 1120, 1130, 1140, 1140, 1150, 1150, 1150, 1151, 1160, 1160, 1160, 1170, 1170, 1170, 1180, 1180, 1180, 1180, 1180, 1190, 1190, 1190, 1190, 1190, 1190, 1190, 1200, 1200, 1200, 1200, 1200, 1210, 1210, 1210, 1210, 1220, 1220, 1220, 1230, 1230, 1230, 1230, 1240, 1240, 1250, 1250, 1250, 1260, 1260, 1270, 1280, 1280, 1290, 1290, 1300, 1300, 1310, 1320, 1331, 1350, 1360, 1370, 1380, 1390, 1410, 1420, 1440, 1451, 1480, 1500, 1530, 1560, 1610, 1710, 5471, 8764258]
                 avg          P99       P99.99         P100
Read         1.59μs      1.73μs       1.08ms       6.20ms
Write         1.23μs      1.71μs      5.33μs       8.76ms

=== bench_out8.dat ===
Ops: 2010000  Time: 3.62s  Throughput: 555578.00 ops/sec
Dirty reads: 258 / 1004235 (0.026%)
  Dirty read avg latency: 1.00ms
read_lats: vec100: [880, 1300, 1300, 1300, 1300, 1300, 1300, 1310, 1310, 1310, 1310, 1310, 1310, 1310, 1310, 1310, 1310, 1310, 1310, 1310, 1310, 1310, 1310, 1310, 1310, 1310, 1310, 1310, 1310, 1310, 1310, 1310, 1310, 1310, 1310, 1310, 1310, 1310, 1311, 1320, 1320, 1320, 1320, 1320, 1320, 1320, 1320, 1320, 1320, 1320, 1320, 1320, 1320, 1320, 1320, 1320, 1320, 1320, 1320, 1320, 1320, 1320, 1320, 1320, 1330, 1330, 1330, 1330, 1330, 1330, 1330, 1340, 1340, 1340, 1350, 1350, 1360, 1370, 1380, 1380, 1390, 1400, 1410, 1420, 1430, 1440, 1450, 1460, 1470, 1490, 1500, 1520, 1530, 1550, 1560, 1580, 1600, 1620, 1660, 1740, 1605140, 8813789]
write_lats: vec100: [770, 870, 990, 1000, 1010, 1030, 1030, 1040, 1040, 1040, 1050, 1060, 1080, 1080, 1090, 1090, 1090, 1090, 1100, 1100, 1100, 1100, 1110, 1110, 1110, 1120, 1120, 1140, 1140, 1150, 1150, 1150, 1150, 1160, 1160, 1160, 1161, 1170, 1170, 1180, 1180, 1180, 1180, 1180, 1190, 1190, 1190, 1190, 1190, 1190, 1200, 1200, 1200, 1200, 1200, 1201, 1210, 1210, 1210, 1210, 1220, 1220, 1220, 1221, 1230, 1230, 1230, 1240, 1240, 1240, 1250, 1250, 1260, 1260, 1270, 1270, 1280, 1280, 1290, 1290, 1300, 1300, 1310, 1321, 1340, 1350, 1360, 1370, 1380, 1390, 1410, 1420, 1440, 1460, 1480, 1500, 1530, 1560, 1610, 1710, 5840, 3070416]
                 avg          P99       P99.99         P100
Read         1.63μs      1.74μs       1.22ms       8.81ms
Write         1.22μs      1.71μs      5.56μs       3.07ms

Average throughput across all outputs: 556277.56
Average read latency across all outputs: 1.63 us
Average write latency across all outputs: 1.22 us
