Date: 20260519_1511
YCSB workload: workloada_16_medium

============= RepCXL configuration =============
processes = "0-8"
logger_cluster_size = 3
algorithm = "fmonster"
pipeline = false
round_time = 1300 
read_retries = 10
core_affinity = "20-120" 
============= Benchmark Results =============

=== bench_out0.dat ===
Monster: conflicts=47, sync_failures=305198, empty_requests=0, try_overtime=96631, check_overtime=15314, replicate_overtime=193253
Ops: 2010000  Time: 7.53s  Throughput: 266891.84 ops/sec
Dirty reads: 0 / 1005363 (0.000%)
read_lats: vec100: [890, 1310, 1310, 1310, 1310, 1310, 1310, 1311, 1320, 1320, 1320, 1320, 1320, 1320, 1320, 1320, 1320, 1320, 1320, 1320, 1320, 1320, 1320, 1320, 1320, 1320, 1320, 1320, 1320, 1320, 1320, 1320, 1320, 1320, 1320, 1320, 1320, 1320, 1320, 1320, 1320, 1321, 1330, 1330, 1330, 1330, 1330, 1330, 1330, 1330, 1330, 1330, 1330, 1330, 1330, 1330, 1330, 1330, 1330, 1330, 1330, 1330, 1330, 1330, 1330, 1330, 1330, 1330, 1330, 1331, 1340, 1340, 1340, 1340, 1340, 1340, 1340, 1341, 1350, 1350, 1360, 1370, 1380, 1390, 1400, 1410, 1421, 1440, 1450, 1460, 1480, 1491, 1510, 1530, 1550, 1560, 1580, 1600, 1620, 1670, 5680, 3118998]
write_lats: vec100: [4260, 4570, 4621, 4660, 4680, 4700, 4720, 4740, 4750, 4770, 4780, 4800, 4810, 4820, 4840, 4850, 4860, 4870, 4880, 4890, 4900, 4910, 4920, 4930, 4940, 4950, 4960, 4970, 4980, 4990, 4991, 5000, 5010, 5020, 5030, 5030, 5040, 5050, 5060, 5060, 5070, 5080, 5081, 5090, 5100, 5110, 5110, 5120, 5130, 5131, 5140, 5150, 5160, 5170, 5180, 5190, 5191, 5201, 5220, 5230, 5240, 5250, 5270, 5280, 5300, 5310, 5330, 5350, 5380, 5400, 5430, 5460, 5490, 5520, 5560, 5591, 5630, 5670, 5710, 5740, 5770, 5810, 5840, 5870, 5900, 5940, 5990, 6050, 6110, 6180, 6240, 6300, 6350, 6401, 6460, 6530, 6621, 6750, 6950, 7220, 13930, 3181180]
                 avg          P99       P99.99         P100
Read         1.37μs      1.67μs      5.18μs       3.12ms
Write         5.34μs      7.22μs     12.24μs       3.18ms

=== bench_out1.dat ===
Monster: conflicts=2008, sync_failures=288635, empty_requests=0, try_overtime=91962, check_overtime=14442, replicate_overtime=182231
Ops: 2010000  Time: 7.47s  Throughput: 269017.05 ops/sec
Dirty reads: 0 / 1004520 (0.000%)
read_lats: vec100: [890, 1310, 1310, 1310, 1310, 1310, 1310, 1310, 1320, 1320, 1320, 1320, 1320, 1320, 1320, 1320, 1320, 1320, 1320, 1320, 1320, 1320, 1320, 1320, 1320, 1320, 1320, 1320, 1320, 1320, 1320, 1320, 1320, 1320, 1320, 1320, 1320, 1320, 1320, 1320, 1320, 1320, 1321, 1330, 1330, 1330, 1330, 1330, 1330, 1330, 1330, 1330, 1330, 1330, 1330, 1330, 1330, 1330, 1330, 1330, 1330, 1330, 1330, 1330, 1330, 1330, 1330, 1330, 1330, 1330, 1331, 1340, 1340, 1340, 1340, 1340, 1340, 1340, 1350, 1350, 1360, 1370, 1380, 1390, 1400, 1410, 1420, 1440, 1450, 1460, 1480, 1500, 1510, 1530, 1550, 1560, 1580, 1600, 1620, 1670, 8000, 7664331]
write_lats: vec100: [4260, 4580, 4630, 4660, 4680, 4700, 4720, 4740, 4750, 4770, 4780, 4800, 4810, 4821, 4840, 4850, 4860, 4870, 4880, 4890, 4900, 4910, 4920, 4930, 4940, 4950, 4960, 4970, 4971, 4980, 4990, 5000, 5010, 5011, 5020, 5030, 5040, 5040, 5050, 5060, 5061, 5070, 5080, 5081, 5090, 5100, 5110, 5110, 5120, 5130, 5130, 5140, 5150, 5151, 5160, 5170, 5180, 5190, 5200, 5210, 5220, 5230, 5240, 5251, 5270, 5280, 5300, 5320, 5331, 5351, 5380, 5400, 5430, 5460, 5490, 5530, 5570, 5610, 5650, 5690, 5730, 5770, 5800, 5840, 5870, 5910, 5950, 6010, 6080, 6150, 6220, 6280, 6331, 6390, 6441, 6510, 6600, 6721, 6921, 7230, 14371, 7641020]
                 avg          P99       P99.99         P100
Read         1.37μs      1.67μs      5.41μs       7.66ms
Write         5.34μs      7.23μs     14.16μs       7.64ms

=== bench_out2.dat ===
Monster: conflicts=4119, sync_failures=299609, empty_requests=0, try_overtime=95027, check_overtime=13886, replicate_overtime=190696
Ops: 2010000  Time: 7.52s  Throughput: 267377.09 ops/sec
Dirty reads: 0 / 1005718 (0.000%)
read_lats: vec100: [900, 1310, 1310, 1320, 1320, 1320, 1320, 1320, 1320, 1320, 1320, 1320, 1320, 1320, 1320, 1320, 1320, 1320, 1320, 1320, 1320, 1320, 1320, 1320, 1320, 1320, 1320, 1320, 1320, 1320, 1320, 1320, 1320, 1321, 1330, 1330, 1330, 1330, 1330, 1330, 1330, 1330, 1330, 1330, 1330, 1330, 1330, 1330, 1330, 1330, 1330, 1330, 1330, 1330, 1330, 1330, 1330, 1330, 1330, 1330, 1330, 1330, 1330, 1330, 1330, 1330, 1330, 1331, 1340, 1340, 1340, 1340, 1340, 1340, 1340, 1340, 1341, 1350, 1350, 1350, 1360, 1370, 1380, 1390, 1400, 1410, 1430, 1440, 1450, 1470, 1480, 1500, 1510, 1530, 1550, 1570, 1580, 1600, 1620, 1680, 8450, 7919767]
write_lats: vec100: [4270, 4570, 4620, 4651, 4680, 4700, 4720, 4731, 4750, 4770, 4780, 4791, 4810, 4820, 4830, 4850, 4860, 4870, 4880, 4890, 4900, 4910, 4920, 4930, 4940, 4950, 4960, 4970, 4971, 4980, 4990, 5000, 5010, 5011, 5020, 5030, 5040, 5050, 5050, 5060, 5070, 5071, 5080, 5090, 5100, 5100, 5110, 5120, 5121, 5130, 5140, 5150, 5151, 5160, 5170, 5180, 5190, 5200, 5210, 5220, 5230, 5250, 5260, 5270, 5290, 5300, 5320, 5340, 5360, 5381, 5410, 5440, 5470, 5500, 5530, 5570, 5610, 5650, 5690, 5730, 5760, 5791, 5830, 5860, 5890, 5930, 5971, 6040, 6101, 6170, 6240, 6300, 6351, 6410, 6461, 6540, 6630, 6770, 6980, 7290, 15960, 7810934]
                 avg          P99       P99.99         P100
Read         1.37μs      1.68μs      5.45μs       7.92ms
Write         5.36μs      7.30μs     15.39μs       7.81ms

=== bench_out3.dat ===
Monster: conflicts=6104, sync_failures=312602, empty_requests=0, try_overtime=103699, check_overtime=16131, replicate_overtime=192772
Ops: 2010000  Time: 7.54s  Throughput: 266676.73 ops/sec
Dirty reads: 0 / 1004359 (0.000%)
read_lats: vec100: [910, 1310, 1310, 1320, 1320, 1320, 1320, 1320, 1320, 1320, 1320, 1320, 1320, 1320, 1320, 1320, 1320, 1320, 1320, 1320, 1320, 1320, 1320, 1320, 1320, 1320, 1320, 1320, 1320, 1320, 1320, 1320, 1321, 1330, 1330, 1330, 1330, 1330, 1330, 1330, 1330, 1330, 1330, 1330, 1330, 1330, 1330, 1330, 1330, 1330, 1330, 1330, 1330, 1330, 1330, 1330, 1330, 1330, 1330, 1330, 1330, 1330, 1330, 1330, 1330, 1331, 1340, 1340, 1340, 1340, 1340, 1340, 1340, 1340, 1340, 1340, 1350, 1350, 1350, 1360, 1360, 1370, 1380, 1390, 1400, 1411, 1430, 1440, 1450, 1470, 1480, 1500, 1510, 1530, 1550, 1570, 1580, 1600, 1620, 1680, 5680, 7800014]
write_lats: vec100: [4090, 4570, 4621, 4660, 4680, 4700, 4720, 4740, 4750, 4770, 4780, 4800, 4810, 4821, 4840, 4850, 4860, 4870, 4880, 4890, 4901, 4911, 4921, 4930, 4940, 4950, 4960, 4970, 4980, 4990, 5000, 5000, 5010, 5020, 5030, 5031, 5040, 5050, 5060, 5070, 5070, 5080, 5090, 5091, 5100, 5110, 5120, 5120, 5130, 5140, 5150, 5151, 5160, 5170, 5180, 5190, 5200, 5210, 5220, 5231, 5250, 5260, 5271, 5290, 5310, 5320, 5340, 5360, 5390, 5410, 5440, 5470, 5500, 5540, 5571, 5611, 5651, 5690, 5730, 5760, 5800, 5830, 5860, 5891, 5930, 5971, 6031, 6100, 6161, 6230, 6280, 6340, 6390, 6440, 6500, 6580, 6680, 6830, 7060, 7450, 19381, 7997179]
                 avg          P99       P99.99         P100
Read         1.37μs      1.68μs      5.15μs       7.80ms
Write         5.38μs      7.45μs     15.47μs       8.00ms

=== bench_out4.dat ===
Monster: conflicts=9125, sync_failures=300480, empty_requests=0, try_overtime=93437, check_overtime=14730, replicate_overtime=192313
Ops: 2010000  Time: 7.50s  Throughput: 267940.66 ops/sec
Dirty reads: 0 / 1003957 (0.000%)
read_lats: vec100: [900, 1300, 1300, 1300, 1310, 1310, 1310, 1310, 1310, 1310, 1310, 1310, 1310, 1310, 1310, 1310, 1310, 1310, 1310, 1310, 1310, 1310, 1310, 1310, 1310, 1310, 1310, 1310, 1310, 1310, 1310, 1310, 1310, 1310, 1311, 1320, 1320, 1320, 1320, 1320, 1320, 1320, 1320, 1320, 1320, 1320, 1320, 1320, 1320, 1320, 1320, 1320, 1320, 1320, 1320, 1320, 1320, 1320, 1320, 1320, 1320, 1320, 1320, 1320, 1320, 1320, 1321, 1330, 1330, 1330, 1330, 1330, 1330, 1330, 1330, 1330, 1331, 1340, 1340, 1340, 1350, 1360, 1370, 1380, 1390, 1401, 1420, 1430, 1440, 1450, 1470, 1490, 1500, 1520, 1540, 1550, 1570, 1590, 1610, 1670, 5670, 1622821]
write_lats: vec100: [4250, 4560, 4620, 4650, 4670, 4691, 4710, 4730, 4750, 4760, 4780, 4790, 4810, 4820, 4830, 4840, 4851, 4870, 4880, 4890, 4900, 4910, 4920, 4930, 4940, 4950, 4951, 4960, 4970, 4980, 4990, 5000, 5001, 5010, 5020, 5030, 5031, 5040, 5050, 5060, 5061, 5070, 5080, 5090, 5090, 5100, 5110, 5110, 5120, 5130, 5140, 5140, 5150, 5160, 5170, 5180, 5181, 5191, 5200, 5210, 5221, 5240, 5250, 5260, 5271, 5290, 5301, 5320, 5340, 5360, 5380, 5410, 5431, 5460, 5500, 5530, 5570, 5610, 5660, 5700, 5740, 5770, 5810, 5850, 5880, 5920, 5970, 6031, 6110, 6171, 6240, 6300, 6360, 6410, 6470, 6550, 6650, 6790, 7041, 7610, 22801, 7939468]
                 avg          P99       P99.99         P100
Read         1.36μs      1.67μs      5.22μs       1.62ms
Write         5.36μs      7.62μs     19.25μs       7.94ms

=== bench_out5.dat ===
Monster: conflicts=12134, sync_failures=314688, empty_requests=0, try_overtime=101429, check_overtime=16584, replicate_overtime=196675
Ops: 2010000  Time: 7.53s  Throughput: 266881.55 ops/sec
Dirty reads: 0 / 1004782 (0.000%)
read_lats: vec100: [910, 1300, 1300, 1310, 1310, 1310, 1310, 1310, 1310, 1310, 1310, 1310, 1310, 1310, 1310, 1310, 1310, 1310, 1310, 1310, 1310, 1310, 1310, 1310, 1310, 1310, 1310, 1310, 1310, 1311, 1320, 1320, 1320, 1320, 1320, 1320, 1320, 1320, 1320, 1320, 1320, 1320, 1320, 1320, 1320, 1320, 1320, 1320, 1320, 1320, 1320, 1320, 1320, 1320, 1320, 1320, 1320, 1320, 1320, 1320, 1320, 1320, 1320, 1321, 1321, 1330, 1330, 1330, 1330, 1330, 1330, 1330, 1330, 1330, 1330, 1330, 1340, 1340, 1340, 1350, 1350, 1360, 1371, 1390, 1400, 1410, 1420, 1430, 1440, 1460, 1470, 1490, 1500, 1520, 1540, 1560, 1570, 1590, 1610, 1670, 5370, 902712]
write_lats: vec100: [4240, 4570, 4620, 4650, 4680, 4700, 4720, 4730, 4750, 4770, 4780, 4791, 4810, 4820, 4830, 4850, 4860, 4870, 4880, 4890, 4900, 4910, 4920, 4930, 4940, 4950, 4960, 4970, 4980, 4980, 4990, 5000, 5010, 5020, 5021, 5030, 5040, 5050, 5051, 5060, 5070, 5080, 5081, 5090, 5100, 5110, 5110, 5120, 5130, 5140, 5140, 5150, 5160, 5170, 5180, 5190, 5200, 5210, 5220, 5230, 5240, 5250, 5270, 5280, 5300, 5310, 5330, 5350, 5370, 5391, 5420, 5450, 5480, 5510, 5550, 5590, 5630, 5670, 5710, 5750, 5781, 5820, 5860, 5890, 5930, 5980, 6040, 6110, 6170, 6230, 6290, 6350, 6400, 6451, 6520, 6600, 6720, 6891, 7170, 7910, 30551, 7918598]
                 avg          P99       P99.99         P100
Read         1.36μs      1.67μs      5.14μs    902.71μs
Write         5.40μs      7.91μs     19.91μs       7.92ms

=== bench_out6.dat ===
Monster: conflicts=16040, sync_failures=297772, empty_requests=0, try_overtime=95904, check_overtime=16281, replicate_overtime=185587
Ops: 2010000  Time: 7.50s  Throughput: 267916.37 ops/sec
Dirty reads: 0 / 1004868 (0.000%)
read_lats: vec100: [880, 1310, 1310, 1310, 1310, 1310, 1310, 1310, 1310, 1310, 1310, 1310, 1310, 1310, 1310, 1310, 1310, 1310, 1310, 1310, 1310, 1310, 1310, 1320, 1320, 1320, 1320, 1320, 1320, 1320, 1320, 1320, 1320, 1320, 1320, 1320, 1320, 1320, 1320, 1320, 1320, 1320, 1320, 1320, 1320, 1320, 1320, 1320, 1320, 1320, 1320, 1320, 1320, 1320, 1320, 1320, 1320, 1320, 1320, 1321, 1321, 1330, 1330, 1330, 1330, 1330, 1330, 1330, 1330, 1330, 1330, 1330, 1330, 1330, 1330, 1340, 1340, 1340, 1340, 1350, 1360, 1370, 1380, 1390, 1400, 1410, 1420, 1430, 1440, 1460, 1470, 1490, 1510, 1520, 1540, 1560, 1580, 1590, 1620, 1670, 5470, 20321]
write_lats: vec100: [4190, 4570, 4620, 4650, 4680, 4700, 4720, 4740, 4751, 4770, 4790, 4800, 4810, 4830, 4840, 4850, 4860, 4870, 4881, 4891, 4910, 4911, 4921, 4931, 4940, 4950, 4960, 4970, 4980, 4990, 4991, 5000, 5010, 5020, 5030, 5030, 5040, 5050, 5051, 5060, 5070, 5080, 5080, 5090, 5100, 5101, 5110, 5120, 5130, 5130, 5140, 5150, 5160, 5160, 5170, 5180, 5190, 5200, 5210, 5220, 5230, 5240, 5251, 5270, 5280, 5291, 5310, 5330, 5350, 5370, 5390, 5411, 5440, 5470, 5500, 5540, 5580, 5620, 5660, 5710, 5741, 5780, 5820, 5860, 5900, 5940, 6000, 6070, 6140, 6210, 6270, 6320, 6380, 6440, 6500, 6591, 6720, 6921, 7240, 8280, 26011, 7964529]
                 avg          P99       P99.99         P100
Read         1.36μs      1.67μs      5.02μs     20.32μs
Write         5.40μs      8.29μs     21.65μs       7.96ms

=== bench_out7.dat ===
Monster: conflicts=20543, sync_failures=290712, empty_requests=0, try_overtime=94795, check_overtime=16242, replicate_overtime=179675
Ops: 2010000  Time: 7.55s  Throughput: 266055.64 ops/sec
Dirty reads: 0 / 1004908 (0.000%)
read_lats: vec100: [910, 1310, 1310, 1310, 1310, 1310, 1310, 1310, 1310, 1310, 1310, 1310, 1310, 1310, 1310, 1310, 1310, 1310, 1310, 1310, 1310, 1310, 1310, 1311, 1320, 1320, 1320, 1320, 1320, 1320, 1320, 1320, 1320, 1320, 1320, 1320, 1320, 1320, 1320, 1320, 1320, 1320, 1320, 1320, 1320, 1320, 1320, 1320, 1320, 1320, 1320, 1320, 1320, 1320, 1320, 1320, 1320, 1320, 1320, 1321, 1330, 1330, 1330, 1330, 1330, 1330, 1330, 1330, 1330, 1330, 1330, 1330, 1330, 1330, 1331, 1340, 1340, 1340, 1340, 1350, 1360, 1370, 1380, 1390, 1400, 1410, 1420, 1430, 1450, 1460, 1471, 1490, 1510, 1520, 1540, 1560, 1580, 1600, 1620, 1670, 7770, 893552]
write_lats: vec100: [4120, 4561, 4620, 4650, 4671, 4700, 4720, 4731, 4750, 4770, 4780, 4800, 4810, 4820, 4831, 4850, 4860, 4870, 4880, 4890, 4900, 4910, 4920, 4930, 4940, 4950, 4960, 4970, 4980, 4981, 4990, 5000, 5010, 5020, 5021, 5030, 5040, 5050, 5050, 5060, 5070, 5071, 5080, 5090, 5100, 5100, 5110, 5120, 5120, 5130, 5140, 5150, 5150, 5160, 5170, 5180, 5190, 5200, 5210, 5220, 5230, 5240, 5250, 5270, 5280, 5300, 5310, 5330, 5350, 5371, 5400, 5421, 5450, 5481, 5520, 5560, 5600, 5641, 5690, 5730, 5760, 5800, 5840, 5870, 5910, 5960, 6020, 6090, 6160, 6230, 6290, 6350, 6400, 6460, 6540, 6640, 6790, 7030, 7460, 10540, 22751, 7961918]
                 avg          P99       P99.99         P100
Read         1.36μs      1.67μs      5.20μs    893.55μs
Write         5.42μs     10.73μs     22.41μs       7.96ms

=== bench_out8.dat ===
Monster: conflicts=27417, sync_failures=300319, empty_requests=0, try_overtime=97355, check_overtime=17156, replicate_overtime=185808
Ops: 2010000  Time: 7.61s  Throughput: 264168.09 ops/sec
Dirty reads: 0 / 1004235 (0.000%)
read_lats: vec100: [900, 1310, 1310, 1310, 1310, 1310, 1310, 1310, 1310, 1310, 1310, 1310, 1310, 1310, 1310, 1310, 1310, 1311, 1320, 1320, 1320, 1320, 1320, 1320, 1320, 1320, 1320, 1320, 1320, 1320, 1320, 1320, 1320, 1320, 1320, 1320, 1320, 1320, 1320, 1320, 1320, 1320, 1320, 1320, 1320, 1320, 1320, 1320, 1320, 1320, 1320, 1320, 1320, 1320, 1321, 1330, 1330, 1330, 1330, 1330, 1330, 1330, 1330, 1330, 1330, 1330, 1330, 1330, 1330, 1330, 1330, 1330, 1330, 1331, 1340, 1340, 1340, 1340, 1350, 1350, 1360, 1370, 1380, 1390, 1400, 1410, 1420, 1440, 1450, 1460, 1480, 1491, 1510, 1530, 1541, 1560, 1580, 1600, 1621, 1670, 6461, 908933]
write_lats: vec100: [4210, 4570, 4620, 4650, 4680, 4700, 4720, 4740, 4750, 4770, 4780, 4800, 4810, 4821, 4840, 4850, 4860, 4870, 4880, 4891, 4901, 4911, 4921, 4931, 4940, 4950, 4960, 4970, 4980, 4990, 5000, 5000, 5010, 5020, 5030, 5031, 5040, 5050, 5060, 5061, 5070, 5080, 5090, 5091, 5100, 5110, 5120, 5120, 5130, 5140, 5150, 5150, 5160, 5170, 5180, 5190, 5200, 5210, 5220, 5230, 5240, 5251, 5270, 5280, 5300, 5310, 5330, 5350, 5370, 5400, 5421, 5450, 5480, 5520, 5560, 5600, 5640, 5680, 5720, 5760, 5790, 5830, 5870, 5900, 5941, 6000, 6070, 6140, 6201, 6270, 6321, 6380, 6440, 6500, 6591, 6721, 6920, 7200, 7931, 11340, 26140, 7975628]
                 avg          P99       P99.99         P100
Read         1.36μs      1.67μs      5.49μs    908.93μs
Write         5.46μs     11.35μs     24.79μs       7.98ms

Average throughput across all outputs: 266992.22
Average read latency across all outputs: 1.36 us
Average write latency across all outputs: 5.38 us
