Date: 20260519_1503
YCSB workload: workloada_16_medium

============= RepCXL configuration =============
processes = "0-8"
logger_cluster_size = 3
algorithm = "fmonster"
pipeline = false
round_time = 10 
read_retries = 10
core_affinity = "20-120" 
============= Benchmark Results =============

=== bench_out0.dat ===
Monster: conflicts=97, sync_failures=3013930, empty_requests=0, try_overtime=1004676, check_overtime=1004676, replicate_overtime=1004578
Ops: 2010000  Time: 6.45s  Throughput: 311742.96 ops/sec
Dirty reads: 0 / 1005363 (0.000%)
read_lats: vec100: [910, 1310, 1310, 1310, 1310, 1310, 1310, 1310, 1320, 1320, 1320, 1320, 1320, 1320, 1320, 1320, 1320, 1320, 1320, 1320, 1320, 1320, 1320, 1320, 1320, 1320, 1320, 1320, 1320, 1320, 1320, 1320, 1320, 1320, 1320, 1320, 1320, 1320, 1320, 1320, 1320, 1320, 1321, 1330, 1330, 1330, 1330, 1330, 1330, 1330, 1330, 1330, 1330, 1330, 1330, 1330, 1330, 1330, 1330, 1330, 1330, 1330, 1330, 1330, 1330, 1330, 1330, 1330, 1330, 1331, 1340, 1340, 1340, 1340, 1340, 1340, 1340, 1350, 1350, 1360, 1370, 1380, 1390, 1400, 1410, 1420, 1430, 1440, 1460, 1470, 1481, 1500, 1520, 1530, 1550, 1570, 1581, 1600, 1630, 1680, 6070, 17520]
write_lats: vec100: [3350, 3800, 3860, 3900, 3920, 3940, 3950, 3970, 3980, 3990, 4010, 4020, 4030, 4040, 4050, 4060, 4060, 4070, 4080, 4080, 4090, 4090, 4100, 4100, 4110, 4110, 4111, 4120, 4120, 4120, 4130, 4130, 4130, 4131, 4140, 4140, 4140, 4150, 4150, 4150, 4160, 4160, 4160, 4170, 4170, 4170, 4180, 4180, 4190, 4190, 4200, 4200, 4210, 4210, 4220, 4230, 4230, 4240, 4240, 4250, 4250, 4260, 4261, 4270, 4280, 4280, 4290, 4300, 4300, 4310, 4320, 4320, 4330, 4340, 4350, 4360, 4361, 4370, 4380, 4390, 4400, 4410, 4420, 4430, 4441, 4460, 4470, 4481, 4500, 4520, 4530, 4551, 4580, 4600, 4630, 4670, 4710, 4770, 4860, 5011, 11690, 8557054]
                 avg          P99       P99.99         P100
Read         1.36μs      1.68μs      5.57μs     17.52μs
Write         4.27μs      5.02μs     10.40μs       8.56ms

=== bench_out1.dat ===
Monster: conflicts=1987, sync_failures=3018755, empty_requests=0, try_overtime=1006915, check_overtime=1006915, replicate_overtime=1004925
Ops: 2010000  Time: 6.43s  Throughput: 312824.50 ops/sec
Dirty reads: 0 / 1004520 (0.000%)
read_lats: vec100: [910, 1310, 1310, 1310, 1310, 1310, 1320, 1320, 1320, 1320, 1320, 1320, 1320, 1320, 1320, 1320, 1320, 1320, 1320, 1320, 1320, 1320, 1320, 1320, 1320, 1320, 1320, 1320, 1320, 1320, 1320, 1320, 1320, 1320, 1320, 1320, 1320, 1320, 1320, 1321, 1330, 1330, 1330, 1330, 1330, 1330, 1330, 1330, 1330, 1330, 1330, 1330, 1330, 1330, 1330, 1330, 1330, 1330, 1330, 1330, 1330, 1330, 1330, 1330, 1330, 1330, 1330, 1330, 1331, 1340, 1340, 1340, 1340, 1340, 1340, 1340, 1350, 1350, 1350, 1360, 1370, 1380, 1390, 1400, 1410, 1420, 1430, 1440, 1460, 1470, 1490, 1500, 1520, 1531, 1550, 1570, 1590, 1600, 1630, 1680, 8160, 2144194]
write_lats: vec100: [3430, 3810, 3880, 3910, 3930, 3950, 3960, 3971, 3990, 4000, 4020, 4030, 4040, 4050, 4060, 4070, 4070, 4080, 4090, 4090, 4100, 4100, 4110, 4110, 4120, 4120, 4120, 4130, 4130, 4130, 4131, 4140, 4140, 4140, 4150, 4150, 4150, 4151, 4160, 4160, 4160, 4170, 4170, 4170, 4180, 4180, 4181, 4190, 4190, 4200, 4200, 4210, 4210, 4220, 4221, 4230, 4240, 4240, 4250, 4251, 4260, 4270, 4270, 4280, 4281, 4290, 4300, 4300, 4310, 4320, 4320, 4330, 4340, 4350, 4351, 4360, 4370, 4380, 4390, 4400, 4410, 4420, 4430, 4440, 4450, 4461, 4480, 4490, 4510, 4520, 4540, 4560, 4590, 4610, 4640, 4680, 4720, 4780, 4870, 5050, 11450, 7729183]
                 avg          P99       P99.99         P100
Read         1.37μs      1.68μs      5.47μs       2.14ms
Write         4.28μs      5.06μs     11.00μs       7.73ms

=== bench_out2.dat ===
Monster: conflicts=3845, sync_failures=3017380, empty_requests=0, try_overtime=1007076, check_overtime=1007076, replicate_overtime=1003228
Ops: 2010000  Time: 6.46s  Throughput: 311384.03 ops/sec
Dirty reads: 0 / 1005718 (0.000%)
read_lats: vec100: [890, 1310, 1310, 1320, 1320, 1320, 1320, 1320, 1320, 1320, 1320, 1320, 1320, 1320, 1320, 1320, 1320, 1320, 1320, 1320, 1320, 1320, 1320, 1320, 1320, 1320, 1320, 1320, 1320, 1320, 1320, 1321, 1330, 1330, 1330, 1330, 1330, 1330, 1330, 1330, 1330, 1330, 1330, 1330, 1330, 1330, 1330, 1330, 1330, 1330, 1330, 1330, 1330, 1330, 1330, 1330, 1330, 1330, 1330, 1330, 1330, 1330, 1330, 1330, 1331, 1340, 1340, 1340, 1340, 1340, 1340, 1340, 1340, 1340, 1340, 1350, 1350, 1350, 1351, 1360, 1370, 1380, 1390, 1400, 1410, 1420, 1430, 1440, 1460, 1470, 1490, 1500, 1520, 1540, 1550, 1570, 1590, 1610, 1630, 1680, 8490, 7809985]
write_lats: vec100: [3321, 3810, 3870, 3900, 3930, 3950, 3960, 3970, 3981, 4000, 4010, 4030, 4040, 4050, 4051, 4060, 4070, 4080, 4090, 4090, 4100, 4100, 4110, 4110, 4111, 4120, 4120, 4120, 4130, 4130, 4130, 4140, 4140, 4140, 4140, 4150, 4150, 4150, 4160, 4160, 4160, 4161, 4170, 4170, 4171, 4180, 4180, 4190, 4190, 4200, 4200, 4210, 4220, 4220, 4230, 4230, 4240, 4240, 4250, 4251, 4260, 4270, 4270, 4280, 4280, 4290, 4300, 4300, 4310, 4320, 4320, 4330, 4340, 4350, 4351, 4360, 4370, 4380, 4390, 4400, 4410, 4420, 4430, 4440, 4451, 4470, 4480, 4491, 4510, 4530, 4550, 4570, 4590, 4620, 4650, 4690, 4730, 4800, 4890, 5100, 13661, 7745813]
                 avg          P99       P99.99         P100
Read         1.38μs      1.68μs      6.98μs       7.81ms
Write         4.28μs      5.11μs     13.22μs       7.75ms

=== bench_out3.dat ===
Monster: conflicts=5815, sync_failures=3024260, empty_requests=0, try_overtime=1010025, check_overtime=1010025, replicate_overtime=1004210
Ops: 2010000  Time: 6.44s  Throughput: 311990.82 ops/sec
Dirty reads: 0 / 1004359 (0.000%)
read_lats: vec100: [910, 1310, 1310, 1320, 1320, 1320, 1320, 1320, 1320, 1320, 1320, 1320, 1320, 1320, 1320, 1320, 1320, 1320, 1320, 1320, 1320, 1320, 1320, 1320, 1320, 1320, 1320, 1320, 1320, 1320, 1320, 1320, 1321, 1330, 1330, 1330, 1330, 1330, 1330, 1330, 1330, 1330, 1330, 1330, 1330, 1330, 1330, 1330, 1330, 1330, 1330, 1330, 1330, 1330, 1330, 1330, 1330, 1330, 1330, 1330, 1330, 1330, 1330, 1330, 1330, 1331, 1340, 1340, 1340, 1340, 1340, 1340, 1340, 1340, 1340, 1341, 1350, 1350, 1350, 1360, 1370, 1380, 1390, 1400, 1410, 1420, 1430, 1440, 1460, 1470, 1490, 1500, 1520, 1540, 1550, 1570, 1590, 1610, 1630, 1680, 5970, 7937498]
write_lats: vec100: [3290, 3800, 3870, 3900, 3930, 3940, 3960, 3970, 3980, 4000, 4010, 4020, 4031, 4040, 4050, 4060, 4070, 4071, 4080, 4090, 4090, 4100, 4100, 4110, 4110, 4110, 4120, 4120, 4120, 4130, 4130, 4130, 4131, 4140, 4140, 4140, 4141, 4150, 4150, 4150, 4160, 4160, 4160, 4170, 4170, 4170, 4180, 4180, 4190, 4190, 4200, 4200, 4210, 4211, 4220, 4230, 4230, 4240, 4240, 4250, 4260, 4260, 4270, 4270, 4280, 4290, 4290, 4300, 4301, 4310, 4320, 4330, 4331, 4340, 4350, 4360, 4370, 4380, 4390, 4400, 4410, 4420, 4430, 4440, 4450, 4460, 4471, 4490, 4501, 4520, 4540, 4560, 4590, 4611, 4650, 4690, 4731, 4800, 4910, 5150, 14551, 7795625]
                 avg          P99       P99.99         P100
Read         1.37μs      1.68μs      5.38μs       7.94ms
Write         4.28μs      5.15μs     13.27μs       7.80ms

=== bench_out4.dat ===
Monster: conflicts=8001, sync_failures=3029451, empty_requests=0, try_overtime=1012484, check_overtime=1012484, replicate_overtime=1004483
Ops: 2010000  Time: 6.42s  Throughput: 313007.84 ops/sec
Dirty reads: 0 / 1003957 (0.000%)
read_lats: vec100: [900, 1300, 1300, 1300, 1310, 1310, 1310, 1310, 1310, 1310, 1310, 1310, 1310, 1310, 1310, 1310, 1310, 1310, 1310, 1310, 1310, 1310, 1310, 1310, 1310, 1310, 1310, 1310, 1310, 1310, 1310, 1310, 1310, 1310, 1311, 1320, 1320, 1320, 1320, 1320, 1320, 1320, 1320, 1320, 1320, 1320, 1320, 1320, 1320, 1320, 1320, 1320, 1320, 1320, 1320, 1320, 1320, 1320, 1320, 1320, 1320, 1320, 1320, 1320, 1320, 1321, 1330, 1330, 1330, 1330, 1330, 1330, 1330, 1330, 1330, 1331, 1340, 1340, 1350, 1350, 1360, 1370, 1380, 1390, 1400, 1410, 1420, 1430, 1450, 1460, 1480, 1490, 1510, 1530, 1540, 1560, 1580, 1600, 1620, 1670, 6080, 7993519]
write_lats: vec100: [3310, 3761, 3840, 3880, 3900, 3920, 3931, 3950, 3960, 3980, 3990, 4000, 4010, 4020, 4030, 4040, 4050, 4050, 4060, 4061, 4070, 4071, 4080, 4080, 4090, 4090, 4091, 4100, 4100, 4101, 4110, 4110, 4111, 4120, 4120, 4121, 4130, 4130, 4140, 4140, 4140, 4150, 4150, 4150, 4160, 4160, 4170, 4170, 4180, 4180, 4190, 4190, 4200, 4200, 4210, 4211, 4220, 4230, 4230, 4240, 4240, 4250, 4260, 4260, 4270, 4271, 4280, 4290, 4290, 4300, 4310, 4311, 4320, 4330, 4340, 4350, 4360, 4361, 4370, 4380, 4390, 4401, 4411, 4430, 4440, 4450, 4460, 4480, 4490, 4510, 4530, 4550, 4580, 4600, 4631, 4670, 4720, 4790, 4910, 5221, 17871, 7821825]
                 avg          P99       P99.99         P100
Read         1.36μs      1.67μs      5.44μs       7.99ms
Write         4.27μs      5.23μs     14.06μs       7.82ms

=== bench_out5.dat ===
Monster: conflicts=10191, sync_failures=3030228, empty_requests=0, try_overtime=1013473, check_overtime=1013473, replicate_overtime=1003282
Ops: 2010000  Time: 6.42s  Throughput: 312999.24 ops/sec
Dirty reads: 0 / 1004782 (0.000%)
read_lats: vec100: [890, 1300, 1300, 1300, 1310, 1310, 1310, 1310, 1310, 1310, 1310, 1310, 1310, 1310, 1310, 1310, 1310, 1310, 1310, 1310, 1310, 1310, 1310, 1310, 1310, 1310, 1310, 1310, 1310, 1310, 1310, 1310, 1310, 1311, 1320, 1320, 1320, 1320, 1320, 1320, 1320, 1320, 1320, 1320, 1320, 1320, 1320, 1320, 1320, 1320, 1320, 1320, 1320, 1320, 1320, 1320, 1320, 1320, 1320, 1320, 1320, 1320, 1320, 1320, 1320, 1321, 1330, 1330, 1330, 1330, 1330, 1330, 1330, 1330, 1330, 1331, 1340, 1340, 1341, 1350, 1360, 1370, 1380, 1390, 1400, 1410, 1420, 1430, 1450, 1460, 1480, 1490, 1510, 1530, 1540, 1560, 1580, 1600, 1620, 1670, 5630, 13910]
write_lats: vec100: [3210, 3760, 3840, 3880, 3900, 3920, 3930, 3950, 3960, 3980, 3990, 4000, 4010, 4020, 4030, 4040, 4050, 4050, 4060, 4061, 4070, 4070, 4080, 4080, 4090, 4090, 4090, 4100, 4100, 4100, 4110, 4110, 4110, 4120, 4120, 4120, 4130, 4130, 4130, 4140, 4140, 4141, 4150, 4150, 4160, 4160, 4161, 4170, 4170, 4180, 4181, 4190, 4191, 4200, 4210, 4210, 4220, 4221, 4230, 4240, 4240, 4250, 4251, 4260, 4270, 4270, 4280, 4290, 4290, 4300, 4310, 4310, 4320, 4330, 4340, 4350, 4351, 4360, 4370, 4380, 4390, 4400, 4410, 4421, 4440, 4450, 4460, 4480, 4490, 4510, 4530, 4550, 4580, 4601, 4640, 4680, 4730, 4810, 4930, 5400, 26771, 7773504]
                 avg          P99       P99.99         P100
Read         1.36μs      1.67μs      5.42μs     13.91μs
Write         4.28μs      5.40μs     15.69μs       7.77ms

=== bench_out6.dat ===
Monster: conflicts=12985, sync_failures=3033378, empty_requests=0, try_overtime=1015455, check_overtime=1015455, replicate_overtime=1002468
Ops: 2010000  Time: 6.40s  Throughput: 313862.86 ops/sec
Dirty reads: 0 / 1004868 (0.000%)
read_lats: vec100: [880, 1310, 1310, 1310, 1310, 1310, 1310, 1310, 1310, 1310, 1310, 1310, 1310, 1310, 1310, 1310, 1310, 1310, 1310, 1310, 1310, 1310, 1311, 1320, 1320, 1320, 1320, 1320, 1320, 1320, 1320, 1320, 1320, 1320, 1320, 1320, 1320, 1320, 1320, 1320, 1320, 1320, 1320, 1320, 1320, 1320, 1320, 1320, 1320, 1320, 1320, 1320, 1320, 1320, 1320, 1320, 1320, 1320, 1321, 1321, 1330, 1330, 1330, 1330, 1330, 1330, 1330, 1330, 1330, 1330, 1330, 1330, 1330, 1330, 1331, 1340, 1340, 1340, 1350, 1350, 1360, 1370, 1380, 1390, 1400, 1410, 1420, 1440, 1450, 1460, 1480, 1491, 1510, 1530, 1550, 1560, 1580, 1600, 1620, 1670, 5440, 8006039]
write_lats: vec100: [3300, 3770, 3841, 3880, 3900, 3920, 3940, 3950, 3970, 3980, 3990, 4001, 4011, 4030, 4040, 4041, 4050, 4060, 4060, 4070, 4071, 4080, 4080, 4090, 4090, 4100, 4100, 4100, 4110, 4110, 4110, 4120, 4120, 4120, 4130, 4130, 4130, 4140, 4140, 4140, 4150, 4150, 4150, 4160, 4160, 4170, 4170, 4180, 4180, 4190, 4190, 4200, 4200, 4210, 4211, 4220, 4230, 4230, 4240, 4240, 4250, 4260, 4260, 4270, 4271, 4280, 4290, 4290, 4300, 4310, 4311, 4320, 4330, 4340, 4350, 4351, 4360, 4370, 4380, 4390, 4400, 4410, 4420, 4430, 4450, 4460, 4470, 4490, 4500, 4520, 4540, 4560, 4590, 4620, 4650, 4690, 4750, 4830, 4980, 7290, 22910, 7856966]
                 avg          P99       P99.99         P100
Read         1.37μs      1.67μs      5.14μs       8.01ms
Write         4.29μs      7.30μs     17.31μs       7.86ms

=== bench_out7.dat ===
Monster: conflicts=16069, sync_failures=3039119, empty_requests=0, try_overtime=1018396, check_overtime=1018396, replicate_overtime=1002327
Ops: 2010000  Time: 6.45s  Throughput: 311771.04 ops/sec
Dirty reads: 0 / 1004908 (0.000%)
read_lats: vec100: [890, 1310, 1310, 1310, 1310, 1310, 1310, 1310, 1310, 1310, 1310, 1310, 1310, 1310, 1310, 1310, 1310, 1310, 1310, 1310, 1310, 1311, 1320, 1320, 1320, 1320, 1320, 1320, 1320, 1320, 1320, 1320, 1320, 1320, 1320, 1320, 1320, 1320, 1320, 1320, 1320, 1320, 1320, 1320, 1320, 1320, 1320, 1320, 1320, 1320, 1320, 1320, 1320, 1320, 1320, 1320, 1321, 1321, 1330, 1330, 1330, 1330, 1330, 1330, 1330, 1330, 1330, 1330, 1330, 1330, 1330, 1330, 1330, 1340, 1340, 1340, 1340, 1340, 1350, 1360, 1370, 1380, 1390, 1391, 1410, 1420, 1430, 1440, 1450, 1470, 1480, 1500, 1510, 1530, 1550, 1560, 1580, 1600, 1630, 1670, 8521, 990064]
write_lats: vec100: [3261, 3770, 3850, 3880, 3900, 3920, 3940, 3950, 3970, 3980, 3990, 4000, 4011, 4030, 4031, 4040, 4050, 4060, 4060, 4070, 4070, 4080, 4080, 4090, 4090, 4090, 4100, 4100, 4100, 4110, 4110, 4110, 4120, 4120, 4120, 4130, 4130, 4130, 4140, 4140, 4140, 4150, 4150, 4150, 4160, 4160, 4170, 4170, 4180, 4180, 4190, 4190, 4200, 4200, 4210, 4211, 4220, 4230, 4230, 4240, 4241, 4250, 4260, 4260, 4270, 4280, 4280, 4290, 4300, 4300, 4310, 4320, 4321, 4330, 4340, 4350, 4360, 4370, 4380, 4390, 4400, 4410, 4420, 4430, 4440, 4451, 4470, 4480, 4500, 4520, 4540, 4560, 4590, 4620, 4650, 4700, 4751, 4840, 5030, 8011, 17751, 7955878]
                 avg          P99       P99.99         P100
Read         1.36μs      1.67μs      5.17μs    990.06μs
Write         4.31μs      8.03μs     17.57μs       7.96ms

=== bench_out8.dat ===
Monster: conflicts=19279, sync_failures=3044819, empty_requests=0, try_overtime=1021366, check_overtime=1021366, replicate_overtime=1002087
Ops: 2010000  Time: 6.46s  Throughput: 310998.21 ops/sec
Dirty reads: 0 / 1004235 (0.000%)
read_lats: vec100: [910, 1310, 1310, 1310, 1310, 1310, 1310, 1310, 1310, 1310, 1310, 1310, 1310, 1310, 1310, 1310, 1311, 1320, 1320, 1320, 1320, 1320, 1320, 1320, 1320, 1320, 1320, 1320, 1320, 1320, 1320, 1320, 1320, 1320, 1320, 1320, 1320, 1320, 1320, 1320, 1320, 1320, 1320, 1320, 1320, 1320, 1320, 1320, 1320, 1320, 1320, 1320, 1320, 1321, 1330, 1330, 1330, 1330, 1330, 1330, 1330, 1330, 1330, 1330, 1330, 1330, 1330, 1330, 1330, 1330, 1330, 1330, 1331, 1340, 1340, 1340, 1340, 1350, 1350, 1360, 1370, 1380, 1390, 1400, 1410, 1420, 1430, 1440, 1450, 1470, 1480, 1500, 1520, 1530, 1550, 1570, 1580, 1600, 1630, 1671, 6791, 7889747]
write_lats: vec100: [3380, 3780, 3850, 3881, 3910, 3930, 3941, 3960, 3970, 3981, 4000, 4010, 4020, 4030, 4040, 4050, 4060, 4061, 4070, 4080, 4080, 4090, 4090, 4091, 4100, 4100, 4101, 4110, 4110, 4110, 4120, 4120, 4120, 4130, 4130, 4130, 4140, 4140, 4140, 4150, 4150, 4150, 4160, 4160, 4170, 4170, 4180, 4180, 4190, 4190, 4200, 4200, 4210, 4210, 4220, 4230, 4230, 4240, 4240, 4250, 4250, 4260, 4270, 4270, 4280, 4281, 4290, 4300, 4301, 4310, 4320, 4330, 4330, 4340, 4350, 4360, 4370, 4380, 4390, 4400, 4410, 4420, 4430, 4440, 4450, 4461, 4480, 4490, 4510, 4530, 4550, 4571, 4600, 4630, 4670, 4720, 4780, 4880, 5120, 8210, 19430, 1556389]
                 avg          P99       P99.99         P100
Read         1.37μs      1.67μs      5.62μs       7.89ms
Write         4.31μs      8.22μs     18.15μs       1.56ms

Average throughput across all outputs: 312286.67
Average read latency across all outputs: 1.37 us
Average write latency across all outputs: 4.29 us
