Date: 20260519_1524
YCSB workload: workloada_16_medium

============= RepCXL configuration =============
processes = "0-8"
logger_cluster_size = 3
algorithm = "lock"
pipeline = false
round_time = 1300 
read_retries = 10
core_affinity = "20-120" 
============= Benchmark Results =============

=== bench_out0.dat ===
Ops: 2010000  Time: 8.96s  Throughput: 224424.66 ops/sec
Dirty reads: 0 / 1005363 (0.000%)
read_lats: vec100: [3160, 4150, 4260, 4331, 4350, 4350, 4360, 4360, 4370, 4370, 4380, 4380, 4380, 4390, 4390, 4390, 4400, 4400, 4400, 4401, 4410, 4410, 4411, 4420, 4420, 4430, 4430, 4440, 4450, 4460, 4470, 4471, 4480, 4490, 4490, 4500, 4500, 4510, 4520, 4520, 4530, 4530, 4540, 4541, 4550, 4560, 4570, 4580, 4590, 4600, 4610, 4620, 4620, 4630, 4630, 4640, 4640, 4650, 4650, 4650, 4660, 4660, 4661, 4670, 4670, 4680, 4680, 4680, 4690, 4690, 4700, 4700, 4710, 4711, 4720, 4730, 4740, 4750, 4760, 4770, 4780, 4790, 4800, 4811, 4830, 4840, 4860, 4870, 4881, 4900, 4920, 4940, 4960, 4980, 5010, 5050, 5110, 5201, 5580, 7220, 17960, 8659374]
write_lats: vec100: [2480, 2830, 2850, 2920, 2980, 3000, 3010, 3020, 3030, 3030, 3040, 3050, 3060, 3060, 3060, 3070, 3070, 3070, 3070, 3080, 3080, 3080, 3080, 3090, 3090, 3090, 3090, 3090, 3100, 3100, 3100, 3100, 3100, 3110, 3110, 3110, 3110, 3111, 3120, 3120, 3121, 3130, 3130, 3140, 3141, 3150, 3160, 3160, 3161, 3170, 3170, 3180, 3180, 3180, 3190, 3190, 3190, 3200, 3200, 3200, 3201, 3210, 3210, 3220, 3220, 3230, 3230, 3240, 3240, 3250, 3250, 3260, 3261, 3270, 3280, 3281, 3290, 3300, 3300, 3310, 3320, 3330, 3340, 3350, 3360, 3370, 3380, 3390, 3400, 3410, 3430, 3440, 3460, 3480, 3501, 3531, 3570, 3630, 3720, 4110, 10260, 7413084]
                 avg          P99       P99.99         P100
Read         4.70μs      7.23μs     16.32μs       8.66ms
Write         3.23μs      4.12μs      8.87μs       7.41ms

=== bench_out1.dat ===
Ops: 2010000  Time: 8.96s  Throughput: 224431.23 ops/sec
Dirty reads: 0 / 1004520 (0.000%)
read_lats: vec100: [3240, 4150, 4260, 4330, 4350, 4350, 4360, 4360, 4370, 4370, 4380, 4380, 4380, 4390, 4390, 4390, 4400, 4400, 4400, 4410, 4410, 4410, 4420, 4420, 4420, 4430, 4430, 4440, 4450, 4460, 4470, 4471, 4480, 4490, 4490, 4500, 4510, 4510, 4520, 4520, 4530, 4530, 4540, 4541, 4550, 4560, 4570, 4580, 4590, 4600, 4610, 4620, 4620, 4630, 4630, 4640, 4640, 4650, 4650, 4651, 4660, 4660, 4670, 4670, 4670, 4680, 4680, 4681, 4690, 4690, 4700, 4700, 4710, 4720, 4721, 4730, 4740, 4750, 4760, 4770, 4780, 4790, 4800, 4820, 4830, 4840, 4860, 4870, 4890, 4900, 4920, 4940, 4960, 4980, 5011, 5050, 5110, 5201, 5600, 7240, 21011, 2470232]
write_lats: vec100: [2450, 2840, 2870, 2920, 2990, 3010, 3030, 3031, 3040, 3050, 3060, 3060, 3070, 3071, 3080, 3080, 3090, 3090, 3090, 3091, 3100, 3100, 3100, 3100, 3101, 3110, 3110, 3110, 3110, 3111, 3120, 3120, 3120, 3120, 3120, 3130, 3130, 3130, 3130, 3140, 3140, 3140, 3150, 3150, 3151, 3160, 3160, 3170, 3170, 3180, 3180, 3190, 3190, 3190, 3200, 3200, 3200, 3210, 3210, 3211, 3220, 3220, 3230, 3230, 3240, 3240, 3250, 3250, 3260, 3260, 3270, 3270, 3280, 3290, 3290, 3300, 3310, 3310, 3320, 3330, 3331, 3340, 3350, 3360, 3370, 3380, 3390, 3400, 3410, 3430, 3440, 3460, 3470, 3490, 3520, 3550, 3581, 3640, 3731, 4150, 9320, 7874606]
                 avg          P99       P99.99         P100
Read         4.67μs      7.24μs     16.62μs       2.47ms
Write         3.25μs      4.15μs      8.95μs       7.87ms

=== bench_out2.dat ===
Ops: 2010000  Time: 8.94s  Throughput: 224768.64 ops/sec
Dirty reads: 0 / 1005718 (0.000%)
read_lats: vec100: [3240, 4150, 4250, 4340, 4360, 4360, 4370, 4370, 4380, 4380, 4380, 4390, 4390, 4390, 4390, 4400, 4400, 4400, 4401, 4410, 4410, 4410, 4420, 4420, 4421, 4430, 4431, 4440, 4450, 4460, 4470, 4480, 4490, 4491, 4500, 4510, 4510, 4511, 4520, 4521, 4530, 4531, 4540, 4550, 4550, 4560, 4570, 4580, 4590, 4600, 4610, 4620, 4630, 4640, 4640, 4650, 4650, 4650, 4660, 4660, 4660, 4670, 4670, 4670, 4680, 4680, 4680, 4690, 4690, 4691, 4700, 4710, 4710, 4720, 4730, 4740, 4750, 4751, 4761, 4770, 4781, 4791, 4810, 4820, 4830, 4850, 4860, 4871, 4890, 4910, 4920, 4940, 4960, 4990, 5020, 5060, 5110, 5210, 5630, 7261, 24831, 2627655]
write_lats: vec100: [2490, 2830, 2850, 2901, 2960, 3000, 3010, 3020, 3030, 3030, 3040, 3050, 3060, 3060, 3070, 3070, 3070, 3080, 3080, 3080, 3080, 3080, 3090, 3090, 3090, 3090, 3090, 3091, 3100, 3100, 3100, 3100, 3100, 3110, 3110, 3110, 3110, 3111, 3120, 3120, 3120, 3130, 3130, 3140, 3140, 3150, 3160, 3160, 3170, 3170, 3171, 3180, 3180, 3181, 3190, 3190, 3190, 3200, 3200, 3200, 3201, 3210, 3210, 3220, 3220, 3221, 3230, 3231, 3240, 3250, 3250, 3260, 3270, 3270, 3280, 3280, 3290, 3300, 3300, 3310, 3320, 3330, 3340, 3350, 3360, 3370, 3380, 3390, 3400, 3410, 3430, 3440, 3460, 3480, 3500, 3530, 3570, 3630, 3720, 4120, 9820, 8220864]
                 avg          P99       P99.99         P100
Read         4.68μs      7.27μs     16.99μs       2.63ms
Write         3.25μs      4.13μs      9.49μs       8.22ms

=== bench_out3.dat ===
Ops: 2010000  Time: 8.93s  Throughput: 225066.74 ops/sec
Dirty reads: 0 / 1004359 (0.000%)
read_lats: vec100: [3250, 4150, 4250, 4340, 4360, 4360, 4370, 4370, 4371, 4380, 4380, 4380, 4390, 4390, 4390, 4391, 4400, 4400, 4400, 4401, 4410, 4410, 4410, 4420, 4420, 4430, 4430, 4440, 4450, 4460, 4470, 4480, 4490, 4490, 4500, 4501, 4510, 4510, 4520, 4520, 4530, 4530, 4540, 4540, 4550, 4560, 4570, 4580, 4590, 4600, 4610, 4620, 4630, 4640, 4640, 4641, 4650, 4650, 4660, 4660, 4660, 4661, 4670, 4670, 4670, 4680, 4680, 4680, 4690, 4690, 4700, 4700, 4710, 4720, 4730, 4731, 4741, 4750, 4760, 4770, 4780, 4790, 4801, 4820, 4830, 4841, 4860, 4870, 4890, 4900, 4920, 4940, 4960, 4980, 5011, 5050, 5110, 5200, 5580, 7240, 18431, 8116781]
write_lats: vec100: [2430, 2830, 2850, 2900, 2960, 3000, 3010, 3020, 3021, 3030, 3040, 3050, 3051, 3060, 3070, 3070, 3070, 3080, 3080, 3080, 3080, 3080, 3090, 3090, 3090, 3090, 3090, 3090, 3100, 3100, 3100, 3100, 3100, 3100, 3110, 3110, 3110, 3110, 3111, 3120, 3120, 3120, 3130, 3130, 3140, 3140, 3150, 3150, 3160, 3170, 3170, 3170, 3180, 3180, 3180, 3190, 3190, 3190, 3200, 3200, 3200, 3210, 3210, 3210, 3220, 3220, 3230, 3230, 3240, 3240, 3250, 3260, 3260, 3270, 3280, 3280, 3290, 3290, 3300, 3310, 3320, 3330, 3340, 3350, 3360, 3370, 3371, 3381, 3400, 3410, 3420, 3440, 3460, 3480, 3500, 3530, 3570, 3621, 3720, 4150, 10030, 6358328]
                 avg          P99       P99.99         P100
Read         4.69μs      7.24μs     17.00μs       8.12ms
Write         3.23μs      4.15μs      9.00μs       6.36ms

=== bench_out4.dat ===
Ops: 2010000  Time: 8.87s  Throughput: 226598.83 ops/sec
Dirty reads: 0 / 1003957 (0.000%)
read_lats: vec100: [3230, 4110, 4200, 4291, 4310, 4320, 4330, 4330, 4340, 4340, 4350, 4350, 4350, 4360, 4360, 4361, 4370, 4370, 4380, 4380, 4381, 4390, 4390, 4400, 4400, 4401, 4410, 4410, 4420, 4420, 4430, 4430, 4440, 4441, 4450, 4460, 4470, 4470, 4480, 4490, 4491, 4500, 4510, 4520, 4521, 4530, 4540, 4550, 4560, 4570, 4580, 4580, 4590, 4591, 4600, 4610, 4610, 4611, 4620, 4621, 4630, 4630, 4640, 4640, 4650, 4650, 4660, 4660, 4670, 4670, 4680, 4680, 4690, 4690, 4700, 4710, 4711, 4721, 4730, 4741, 4751, 4770, 4780, 4790, 4800, 4820, 4830, 4850, 4860, 4880, 4891, 4911, 4940, 4960, 4990, 5030, 5090, 5180, 5560, 7170, 18641, 7699601]
write_lats: vec100: [2460, 2800, 2821, 2870, 2930, 2970, 2990, 3000, 3010, 3011, 3020, 3030, 3040, 3040, 3040, 3050, 3050, 3050, 3060, 3060, 3060, 3060, 3070, 3070, 3070, 3070, 3080, 3080, 3080, 3080, 3090, 3090, 3090, 3090, 3100, 3100, 3100, 3101, 3110, 3110, 3110, 3120, 3120, 3130, 3130, 3140, 3140, 3141, 3150, 3150, 3160, 3160, 3160, 3170, 3170, 3171, 3180, 3180, 3190, 3190, 3191, 3200, 3200, 3210, 3210, 3220, 3220, 3230, 3230, 3240, 3240, 3250, 3250, 3260, 3270, 3270, 3280, 3290, 3290, 3300, 3310, 3320, 3330, 3340, 3341, 3351, 3361, 3380, 3390, 3400, 3420, 3430, 3450, 3470, 3491, 3520, 3560, 3611, 3710, 4080, 9930, 8095401]
                 avg          P99       P99.99         P100
Read         4.66μs      7.18μs     16.52μs       7.70ms
Write         3.22μs      4.08μs      8.98μs       8.10ms

=== bench_out5.dat ===
Ops: 2010000  Time: 8.87s  Throughput: 226734.12 ops/sec
Dirty reads: 0 / 1004782 (0.000%)
read_lats: vec100: [3131, 4120, 4201, 4300, 4310, 4320, 4330, 4330, 4340, 4340, 4350, 4350, 4350, 4360, 4360, 4370, 4370, 4370, 4380, 4380, 4390, 4390, 4390, 4400, 4400, 4401, 4410, 4410, 4420, 4420, 4430, 4430, 4440, 4450, 4450, 4460, 4470, 4471, 4480, 4490, 4500, 4500, 4510, 4520, 4530, 4530, 4540, 4550, 4560, 4570, 4580, 4580, 4590, 4591, 4600, 4610, 4610, 4611, 4620, 4621, 4630, 4631, 4640, 4640, 4650, 4650, 4660, 4660, 4670, 4670, 4680, 4680, 4690, 4690, 4700, 4710, 4720, 4721, 4731, 4741, 4751, 4770, 4780, 4790, 4800, 4820, 4830, 4850, 4860, 4880, 4900, 4911, 4940, 4960, 4990, 5030, 5090, 5180, 5541, 7170, 17130, 7707121]
write_lats: vec100: [2440, 2800, 2830, 2880, 2940, 2970, 2990, 3000, 3010, 3020, 3021, 3030, 3040, 3040, 3040, 3050, 3050, 3050, 3060, 3060, 3060, 3070, 3070, 3070, 3070, 3070, 3080, 3080, 3080, 3080, 3080, 3090, 3090, 3090, 3090, 3100, 3100, 3100, 3110, 3110, 3110, 3120, 3120, 3120, 3130, 3130, 3140, 3140, 3150, 3150, 3150, 3160, 3160, 3160, 3170, 3170, 3171, 3180, 3180, 3190, 3190, 3200, 3200, 3201, 3210, 3220, 3220, 3230, 3230, 3231, 3240, 3241, 3250, 3260, 3260, 3270, 3280, 3280, 3290, 3300, 3301, 3310, 3320, 3330, 3340, 3350, 3360, 3370, 3381, 3400, 3410, 3430, 3450, 3470, 3490, 3520, 3560, 3610, 3710, 4110, 13201, 8190914]
                 avg          P99       P99.99         P100
Read         4.65μs      7.18μs     16.59μs       7.71ms
Write         3.22μs      4.11μs      9.16μs       8.19ms

=== bench_out6.dat ===
Ops: 2010000  Time: 8.85s  Throughput: 227189.71 ops/sec
Dirty reads: 0 / 1004868 (0.000%)
read_lats: vec100: [3080, 4120, 4220, 4310, 4320, 4330, 4340, 4340, 4340, 4350, 4350, 4360, 4360, 4360, 4370, 4370, 4370, 4380, 4380, 4390, 4390, 4390, 4400, 4400, 4400, 4410, 4410, 4411, 4420, 4420, 4430, 4440, 4440, 4450, 4460, 4470, 4470, 4480, 4490, 4490, 4500, 4510, 4520, 4520, 4530, 4540, 4541, 4550, 4560, 4570, 4580, 4590, 4600, 4600, 4610, 4610, 4620, 4620, 4630, 4630, 4630, 4640, 4640, 4650, 4650, 4660, 4660, 4670, 4670, 4671, 4680, 4681, 4690, 4700, 4700, 4710, 4720, 4730, 4740, 4750, 4760, 4770, 4780, 4791, 4810, 4820, 4831, 4850, 4861, 4880, 4900, 4920, 4940, 4960, 4990, 5030, 5090, 5180, 5530, 7160, 18471, 11324441]
write_lats: vec100: [2420, 2810, 2840, 2891, 2960, 2980, 3000, 3000, 3010, 3020, 3030, 3040, 3040, 3040, 3050, 3050, 3050, 3060, 3060, 3060, 3060, 3070, 3070, 3070, 3071, 3080, 3080, 3080, 3080, 3090, 3090, 3090, 3090, 3100, 3100, 3100, 3100, 3110, 3110, 3110, 3111, 3120, 3120, 3130, 3130, 3140, 3140, 3150, 3150, 3151, 3160, 3160, 3170, 3170, 3171, 3180, 3180, 3190, 3190, 3190, 3200, 3200, 3201, 3210, 3210, 3220, 3220, 3230, 3230, 3240, 3240, 3250, 3250, 3260, 3270, 3280, 3280, 3290, 3290, 3300, 3310, 3320, 3330, 3340, 3350, 3360, 3370, 3380, 3390, 3400, 3420, 3430, 3450, 3470, 3491, 3520, 3560, 3620, 3710, 4110, 10530, 8053980]
                 avg          P99       P99.99         P100
Read         4.66μs      7.16μs     16.99μs      11.32ms
Write         3.22μs      4.11μs      8.81μs       8.05ms

=== bench_out7.dat ===
Ops: 2010000  Time: 8.87s  Throughput: 226547.21 ops/sec
Dirty reads: 0 / 1004908 (0.000%)
read_lats: vec100: [3150, 4131, 4250, 4310, 4321, 4330, 4340, 4340, 4350, 4350, 4351, 4360, 4360, 4370, 4370, 4370, 4380, 4380, 4381, 4390, 4390, 4391, 4400, 4400, 4401, 4410, 4410, 4420, 4420, 4430, 4430, 4440, 4450, 4450, 4460, 4470, 4471, 4480, 4490, 4500, 4500, 4510, 4520, 4521, 4530, 4540, 4550, 4560, 4570, 4580, 4590, 4590, 4600, 4600, 4610, 4610, 4620, 4620, 4630, 4630, 4640, 4640, 4650, 4650, 4651, 4660, 4660, 4670, 4670, 4680, 4680, 4690, 4690, 4700, 4700, 4710, 4720, 4730, 4740, 4750, 4760, 4770, 4780, 4800, 4810, 4820, 4840, 4850, 4870, 4880, 4900, 4920, 4940, 4970, 5000, 5040, 5100, 5190, 5570, 7190, 26631, 8224745]
write_lats: vec100: [2480, 2820, 2850, 2920, 2970, 2990, 3000, 3010, 3020, 3030, 3030, 3040, 3040, 3050, 3050, 3050, 3060, 3060, 3060, 3070, 3070, 3070, 3070, 3071, 3080, 3080, 3080, 3080, 3081, 3090, 3090, 3090, 3090, 3100, 3100, 3100, 3100, 3101, 3110, 3110, 3111, 3120, 3120, 3130, 3130, 3131, 3140, 3140, 3150, 3150, 3151, 3160, 3160, 3170, 3170, 3171, 3180, 3180, 3190, 3190, 3190, 3200, 3200, 3210, 3210, 3220, 3220, 3230, 3230, 3240, 3240, 3250, 3250, 3260, 3270, 3271, 3280, 3290, 3290, 3300, 3310, 3320, 3330, 3340, 3350, 3360, 3370, 3380, 3390, 3400, 3420, 3430, 3450, 3470, 3490, 3520, 3560, 3620, 3710, 4110, 8920, 3483576]
                 avg          P99       P99.99         P100
Read         4.66μs      7.19μs     16.82μs       8.22ms
Write         3.21μs      4.12μs      8.82μs       3.48ms

=== bench_out8.dat ===
Ops: 2010000  Time: 8.90s  Throughput: 225950.38 ops/sec
Dirty reads: 0 / 1004235 (0.000%)
read_lats: vec100: [3230, 4130, 4240, 4320, 4330, 4340, 4350, 4350, 4351, 4360, 4360, 4370, 4370, 4370, 4371, 4380, 4380, 4380, 4390, 4390, 4390, 4391, 4400, 4400, 4401, 4410, 4410, 4420, 4420, 4430, 4430, 4440, 4450, 4460, 4470, 4470, 4480, 4490, 4490, 4500, 4510, 4510, 4520, 4530, 4530, 4540, 4550, 4560, 4570, 4580, 4590, 4600, 4610, 4610, 4620, 4620, 4630, 4630, 4630, 4640, 4640, 4650, 4650, 4650, 4660, 4660, 4661, 4670, 4670, 4680, 4680, 4690, 4690, 4700, 4710, 4720, 4730, 4731, 4741, 4751, 4761, 4780, 4790, 4800, 4810, 4830, 4840, 4860, 4870, 4890, 4901, 4920, 4940, 4970, 5000, 5040, 5100, 5200, 5610, 7210, 21171, 2461661]
write_lats: vec100: [2470, 2820, 2850, 2920, 2980, 2991, 3000, 3010, 3020, 3021, 3030, 3040, 3050, 3050, 3050, 3060, 3060, 3060, 3060, 3070, 3070, 3070, 3070, 3080, 3080, 3080, 3080, 3080, 3090, 3090, 3090, 3090, 3090, 3100, 3100, 3100, 3100, 3110, 3110, 3110, 3120, 3120, 3121, 3130, 3131, 3140, 3150, 3150, 3160, 3160, 3161, 3170, 3170, 3180, 3180, 3180, 3190, 3190, 3190, 3200, 3200, 3200, 3210, 3210, 3220, 3220, 3230, 3230, 3240, 3240, 3250, 3250, 3260, 3270, 3270, 3280, 3290, 3290, 3300, 3310, 3320, 3321, 3331, 3340, 3350, 3360, 3370, 3380, 3400, 3410, 3420, 3440, 3460, 3480, 3500, 3530, 3570, 3630, 3720, 4121, 9360, 7903396]
                 avg          P99       P99.99         P100
Read         4.66μs      7.21μs     17.00μs       2.46ms
Write         3.24μs      4.13μs      8.74μs       7.90ms

Average throughput across all outputs: 225745.56
Average read latency across all outputs: 4.67 us
Average write latency across all outputs: 3.23 us
