Date: 20260519_1428
YCSB workload: workloada_8192_medium

============= RepCXL configuration =============
processes = "0-8"
logger_cluster_size = 3
algorithm = "async_best_effort"
pipeline = false
round_time = 1200 
read_retries = 10
core_affinity = "20-120" 
============= Benchmark Results =============

=== bench_out0.dat ===
Ops: 2010000  Time: 41.07s  Throughput: 48945.23 ops/sec
Dirty reads: 1346 / 1005204 (0.134%)
  Dirty read avg latency: 1.68ms
read_lats: vec100: [10870, 11691, 11790, 11860, 11920, 11970, 12020, 12060, 12101, 12150, 12190, 12230, 12261, 12301, 12341, 12381, 12420, 12460, 12500, 12540, 12580, 12620, 12660, 12701, 12741, 12781, 12821, 12861, 12901, 12941, 12980, 13020, 13060, 13100, 13140, 13171, 13211, 13250, 13290, 13321, 13360, 13400, 13431, 13470, 13510, 13541, 13580, 13620, 13651, 13690, 13730, 13761, 13800, 13840, 13880, 13911, 13950, 13990, 14030, 14070, 14101, 14141, 14181, 14221, 14261, 14301, 14341, 14381, 14430, 14470, 14511, 14560, 14601, 14650, 14700, 14741, 14791, 14841, 14900, 14950, 15010, 15061, 15121, 15190, 15251, 15321, 15391, 15470, 15551, 15641, 15741, 15850, 15961, 16100, 16251, 16440, 16671, 16991, 17491, 18700, 10804227, 11998157]
write_lats: vec100: [3821, 4940, 5470, 5890, 6201, 6440, 6620, 6771, 6910, 7030, 7151, 7271, 7390, 7510, 7631, 7760, 7881, 8010, 8130, 8250, 8370, 8490, 8600, 8710, 8820, 8930, 9040, 9141, 9250, 9351, 9460, 9561, 9670, 9770, 9880, 9981, 10090, 10200, 10310, 10420, 10530, 10641, 10760, 10880, 11000, 11120, 11250, 11380, 11510, 11650, 11790, 11931, 12081, 12240, 12401, 12570, 12731, 12891, 13051, 13201, 13360, 13510, 13670, 13830, 14000, 14170, 14350, 14540, 14730, 14930, 15131, 15340, 15551, 15771, 16001, 16250, 16500, 16750, 17020, 17290, 17570, 17850, 18131, 18431, 18731, 19031, 19340, 19650, 19970, 20281, 20621, 20971, 21341, 21741, 22180, 22660, 23221, 23890, 24751, 26110, 33991, 10766166]
                 avg          P99       P99.99         P100
Read        16.28μs     18.70μs       3.09ms      12.00ms
Write        13.01μs     26.13μs     33.82μs      10.77ms

=== bench_out1.dat ===
Ops: 2010000  Time: 33.71s  Throughput: 59630.63 ops/sec
Dirty reads: 1603 / 1004365 (0.160%)
  Dirty read avg latency: 1.70ms
read_lats: vec100: [11430, 12380, 12560, 12681, 12780, 12851, 12920, 12980, 13031, 13081, 13130, 13170, 13210, 13250, 13290, 13321, 13360, 13391, 13430, 13460, 13490, 13521, 13551, 13590, 13620, 13641, 13680, 13701, 13731, 13761, 13791, 13820, 13850, 13880, 13910, 13940, 13961, 13991, 14021, 14050, 14080, 14110, 14140, 14170, 14191, 14221, 14251, 14281, 14311, 14340, 14371, 14401, 14431, 14461, 14491, 14521, 14560, 14590, 14620, 14650, 14681, 14720, 14750, 14790, 14820, 14851, 14890, 14930, 14961, 15000, 15040, 15080, 15120, 15160, 15201, 15241, 15290, 15340, 15381, 15431, 15490, 15540, 15600, 15651, 15720, 15781, 15850, 15921, 16001, 16091, 16181, 16290, 16401, 16531, 16690, 16871, 17110, 17440, 17970, 19330, 3283072, 14859458]
write_lats: vec100: [3840, 5440, 5920, 6270, 6570, 6820, 7040, 7240, 7420, 7590, 7740, 7880, 8011, 8140, 8260, 8380, 8490, 8591, 8700, 8800, 8900, 8991, 9090, 9190, 9280, 9371, 9470, 9560, 9650, 9741, 9840, 9930, 10020, 10120, 10211, 10310, 10410, 10510, 10611, 10720, 10820, 10930, 11040, 11151, 11270, 11390, 11511, 11640, 11771, 11911, 12060, 12210, 12361, 12521, 12690, 12870, 13060, 13250, 13450, 13650, 13861, 14081, 14310, 14530, 14760, 14990, 15220, 15450, 15680, 15910, 16131, 16361, 16590, 16810, 17030, 17250, 17471, 17691, 17920, 18141, 18361, 18590, 18820, 19050, 19280, 19511, 19760, 20010, 20261, 20530, 20810, 21101, 21421, 21770, 22140, 22550, 23031, 23611, 24390, 25591, 35191, 6385268]
                 avg          P99       P99.99         P100
Read        17.39μs     19.34μs       3.13ms      14.86ms
Write        13.42μs     25.60μs     32.61μs       6.39ms

=== bench_out2.dat ===
Ops: 2010000  Time: 40.44s  Throughput: 49697.28 ops/sec
Dirty reads: 1431 / 1005314 (0.142%)
  Dirty read avg latency: 1.69ms
read_lats: vec100: [11180, 12040, 12180, 12280, 12360, 12430, 12500, 12560, 12620, 12670, 12720, 12770, 12811, 12860, 12900, 12940, 12980, 13011, 13050, 13081, 13120, 13151, 13190, 13220, 13250, 13280, 13311, 13341, 13371, 13401, 13440, 13461, 13500, 13530, 13560, 13590, 13620, 13650, 13680, 13710, 13740, 13770, 13800, 13830, 13860, 13891, 13921, 13960, 13990, 14020, 14051, 14090, 14120, 14151, 14190, 14220, 14251, 14290, 14321, 14360, 14400, 14431, 14471, 14510, 14550, 14590, 14630, 14670, 14711, 14751, 14800, 14841, 14890, 14940, 14990, 15040, 15090, 15140, 15200, 15260, 15320, 15381, 15450, 15520, 15600, 15680, 15770, 15861, 15970, 16081, 16211, 16370, 16550, 16770, 17060, 17461, 18140, 19600, 22540, 26311, 8299065, 14304954]
write_lats: vec100: [3840, 5110, 5640, 6030, 6330, 6570, 6760, 6920, 7070, 7210, 7340, 7470, 7600, 7730, 7850, 7980, 8100, 8220, 8340, 8460, 8571, 8690, 8800, 8910, 9011, 9120, 9230, 9331, 9440, 9540, 9650, 9750, 9860, 9960, 10070, 10180, 10280, 10390, 10500, 10610, 10730, 10841, 10961, 11081, 11210, 11331, 11470, 11601, 11741, 11890, 12041, 12200, 12360, 12530, 12700, 12870, 13040, 13210, 13380, 13550, 13721, 13900, 14080, 14260, 14450, 14640, 14831, 15031, 15240, 15440, 15650, 15861, 16090, 16311, 16550, 16781, 17031, 17290, 17541, 17811, 18081, 18351, 18630, 18910, 19190, 19470, 19751, 20051, 20351, 20680, 21011, 21361, 21741, 22151, 22600, 23091, 23691, 24430, 25450, 27231, 42001, 10876780]
                 avg          P99       P99.99         P100
Read        17.04μs     26.32μs       3.11ms      14.30ms
Write        13.38μs     27.26μs     41.47μs      10.88ms

=== bench_out3.dat ===
Ops: 2010000  Time: 32.71s  Throughput: 61454.58 ops/sec
Dirty reads: 1574 / 1004337 (0.157%)
  Dirty read avg latency: 1.72ms
read_lats: vec100: [11200, 12341, 12510, 12620, 12701, 12771, 12831, 12890, 12940, 12981, 13030, 13070, 13101, 13140, 13180, 13210, 13241, 13280, 13310, 13340, 13370, 13400, 13430, 13460, 13490, 13511, 13541, 13571, 13600, 13630, 13651, 13681, 13710, 13740, 13770, 13791, 13820, 13850, 13880, 13901, 13931, 13960, 13990, 14020, 14041, 14071, 14100, 14130, 14160, 14190, 14220, 14241, 14271, 14301, 14331, 14361, 14400, 14430, 14460, 14490, 14520, 14551, 14590, 14620, 14651, 14690, 14720, 14760, 14790, 14830, 14861, 14901, 14940, 14980, 15020, 15061, 15110, 15150, 15200, 15241, 15291, 15341, 15400, 15451, 15511, 15580, 15641, 15711, 15790, 15871, 15961, 16070, 16180, 16310, 16451, 16640, 16861, 17180, 17691, 19040, 3468316, 23249714]
write_lats: vec100: [3920, 5450, 5920, 6270, 6570, 6820, 7050, 7251, 7440, 7610, 7760, 7901, 8040, 8160, 8280, 8391, 8501, 8610, 8711, 8820, 8911, 9010, 9110, 9200, 9291, 9390, 9481, 9580, 9670, 9760, 9851, 9950, 10040, 10140, 10231, 10330, 10430, 10530, 10630, 10731, 10840, 10950, 11060, 11170, 11290, 11410, 11530, 11660, 11790, 11921, 12070, 12211, 12370, 12530, 12700, 12880, 13060, 13250, 13441, 13650, 13861, 14081, 14310, 14530, 14760, 14990, 15220, 15451, 15681, 15910, 16140, 16361, 16590, 16811, 17040, 17261, 17480, 17700, 17920, 18140, 18351, 18571, 18791, 19020, 19250, 19480, 19710, 19951, 20201, 20470, 20740, 21031, 21340, 21671, 22031, 22450, 22911, 23490, 24241, 25411, 33381, 21726397]
                 avg          P99       P99.99         P100
Read        17.28μs     19.05μs       3.16ms      23.25ms
Write        13.55μs     25.42μs     32.32μs      21.73ms

=== bench_out4.dat ===
Ops: 2010000  Time: 42.90s  Throughput: 46848.32 ops/sec
Dirty reads: 1278 / 1005045 (0.127%)
  Dirty read avg latency: 1.54ms
read_lats: vec100: [11040, 12000, 12131, 12250, 12341, 12440, 12530, 12610, 12691, 12771, 12850, 12920, 12990, 13051, 13120, 13180, 13240, 13300, 13360, 13420, 13471, 13531, 13590, 13650, 13710, 13770, 13821, 13880, 13931, 13990, 14050, 14101, 14160, 14211, 14270, 14320, 14371, 14430, 14480, 14531, 14581, 14640, 14690, 14740, 14790, 14840, 14890, 14940, 14990, 15040, 15090, 15140, 15190, 15240, 15290, 15340, 15391, 15441, 15491, 15550, 15600, 15651, 15701, 15760, 15811, 15870, 15930, 15981, 16040, 16100, 16160, 16221, 16290, 16351, 16420, 16490, 16560, 16630, 16710, 16781, 16870, 16950, 17041, 17140, 17231, 17341, 17451, 17580, 17710, 17860, 18020, 18201, 18411, 18660, 18961, 19361, 19901, 20771, 22710, 29041, 2972714, 24017994]
write_lats: vec100: [3750, 4680, 5120, 5540, 5880, 6150, 6381, 6580, 6750, 6901, 7060, 7210, 7360, 7520, 7680, 7850, 8020, 8190, 8370, 8540, 8710, 8880, 9041, 9210, 9370, 9530, 9681, 9830, 9980, 10120, 10260, 10400, 10540, 10671, 10810, 10940, 11070, 11200, 11330, 11461, 11600, 11730, 11860, 11990, 12120, 12251, 12390, 12530, 12661, 12810, 12950, 13090, 13230, 13371, 13520, 13670, 13820, 13980, 14140, 14300, 14471, 14650, 14840, 15030, 15230, 15440, 15660, 15890, 16130, 16391, 16680, 16980, 17300, 17641, 18010, 18381, 18790, 19191, 19611, 20050, 20490, 20930, 21370, 21811, 22260, 22701, 23151, 23610, 24070, 24540, 25021, 25531, 26061, 26640, 27251, 27941, 28730, 29680, 30961, 33131, 57812, 30201458]
                 avg          P99       P99.99         P100
Read        17.67μs     29.09μs       2.69ms      24.02ms
Write        14.84μs     33.15μs     54.67μs      30.20ms

=== bench_out5.dat ===
Ops: 2010000  Time: 35.98s  Throughput: 55865.21 ops/sec
Dirty reads: 1509 / 1004640 (0.150%)
  Dirty read avg latency: 1.54ms
read_lats: vec100: [11350, 12610, 12801, 12941, 13051, 13150, 13240, 13320, 13390, 13460, 13520, 13580, 13640, 13691, 13750, 13800, 13850, 13900, 13950, 13991, 14040, 14081, 14130, 14170, 14210, 14251, 14300, 14340, 14380, 14420, 14460, 14500, 14540, 14580, 14611, 14650, 14690, 14730, 14761, 14801, 14840, 14880, 14911, 14951, 14990, 15030, 15070, 15101, 15141, 15180, 15220, 15260, 15300, 15340, 15380, 15420, 15460, 15500, 15540, 15580, 15620, 15661, 15701, 15750, 15791, 15840, 15881, 15930, 15980, 16021, 16071, 16121, 16171, 16230, 16281, 16340, 16400, 16460, 16520, 16581, 16650, 16720, 16791, 16870, 16950, 17031, 17121, 17220, 17320, 17431, 17551, 17690, 17831, 18010, 18210, 18451, 18761, 19180, 19830, 21300, 2868880, 32713510]
write_lats: vec100: [3890, 5950, 6490, 6890, 7210, 7481, 7740, 7970, 8180, 8370, 8551, 8721, 8890, 9040, 9190, 9330, 9461, 9600, 9730, 9850, 9970, 10090, 10201, 10320, 10430, 10540, 10651, 10761, 10880, 10990, 11091, 11200, 11310, 11420, 11530, 11631, 11741, 11860, 11970, 12080, 12191, 12310, 12430, 12550, 12671, 12800, 12930, 13060, 13191, 13331, 13480, 13621, 13771, 13930, 14091, 14261, 14440, 14621, 14820, 15020, 15230, 15450, 15680, 15921, 16180, 16450, 16721, 17010, 17310, 17620, 17940, 18261, 18591, 18921, 19251, 19601, 19941, 20281, 20621, 20971, 21311, 21651, 22001, 22351, 22701, 23051, 23420, 23790, 24161, 24551, 24960, 25371, 25820, 26301, 26831, 27411, 28081, 28891, 29941, 31581, 41261, 31980171]
                 avg          P99       P99.99         P100
Read        17.97μs     21.31μs       2.68ms      32.71ms
Write        15.65μs     31.59μs     40.26μs      31.98ms

=== bench_out6.dat ===
Ops: 2010000  Time: 36.22s  Throughput: 55490.02 ops/sec
Dirty reads: 1459 / 1004239 (0.145%)
  Dirty read avg latency: 1.52ms
read_lats: vec100: [11410, 12880, 13101, 13260, 13380, 13481, 13580, 13660, 13740, 13811, 13881, 13950, 14010, 14070, 14121, 14180, 14231, 14281, 14331, 14381, 14431, 14480, 14530, 14570, 14611, 14660, 14701, 14741, 14790, 14830, 14870, 14910, 14950, 14990, 15030, 15071, 15110, 15150, 15190, 15230, 15270, 15310, 15350, 15390, 15430, 15470, 15510, 15550, 15590, 15630, 15670, 15710, 15750, 15790, 15830, 15870, 15911, 15951, 16000, 16040, 16081, 16130, 16171, 16220, 16261, 16310, 16360, 16410, 16451, 16510, 16560, 16610, 16661, 16720, 16771, 16831, 16891, 16951, 17020, 17081, 17151, 17230, 17301, 17380, 17461, 17551, 17641, 17741, 17850, 17961, 18090, 18231, 18390, 18570, 18780, 19021, 19340, 19770, 20411, 21840, 2889292, 25952952]
write_lats: vec100: [3880, 5970, 6510, 6901, 7220, 7500, 7750, 7970, 8180, 8380, 8560, 8730, 8890, 9041, 9190, 9330, 9470, 9600, 9730, 9850, 9970, 10090, 10210, 10320, 10431, 10550, 10660, 10770, 10880, 10990, 11091, 11200, 11311, 11420, 11530, 11640, 11750, 11861, 11971, 12090, 12210, 12320, 12440, 12560, 12681, 12810, 12940, 13070, 13201, 13350, 13490, 13640, 13790, 13950, 14110, 14280, 14451, 14640, 14830, 15031, 15250, 15470, 15700, 15940, 16190, 16450, 16721, 17020, 17311, 17620, 17930, 18250, 18590, 18920, 19251, 19590, 19940, 20281, 20621, 20970, 21301, 21651, 22000, 22350, 22710, 23061, 23430, 23800, 24190, 24581, 24990, 25420, 25871, 26360, 26881, 27471, 28141, 28961, 30031, 31681, 42001, 24650970]
                 avg          P99       P99.99         P100
Read        18.30μs     21.85μs       2.65ms      25.95ms
Write        15.47μs     31.70μs     40.73μs      24.65ms

=== bench_out7.dat ===
Ops: 2010000  Time: 36.73s  Throughput: 54730.38 ops/sec
Dirty reads: 1508 / 1005425 (0.150%)
  Dirty read avg latency: 1.55ms
read_lats: vec100: [11140, 12360, 12580, 12730, 12851, 12951, 13050, 13130, 13201, 13280, 13341, 13410, 13470, 13521, 13580, 13631, 13690, 13740, 13790, 13840, 13881, 13930, 13971, 14020, 14061, 14110, 14150, 14190, 14231, 14271, 14311, 14351, 14391, 14431, 14471, 14511, 14551, 14591, 14631, 14670, 14710, 14750, 14790, 14821, 14861, 14900, 14940, 14980, 15020, 15060, 15100, 15140, 15180, 15220, 15260, 15300, 15340, 15380, 15420, 15461, 15501, 15550, 15590, 15631, 15680, 15730, 15770, 15820, 15870, 15911, 15970, 16020, 16070, 16120, 16180, 16231, 16290, 16350, 16411, 16480, 16550, 16620, 16690, 16770, 16850, 16931, 17021, 17120, 17230, 17340, 17461, 17601, 17751, 17931, 18140, 18381, 18700, 19140, 19801, 21410, 3181299, 37665981]
write_lats: vec100: [3850, 5930, 6470, 6860, 7180, 7450, 7690, 7920, 8120, 8320, 8500, 8670, 8830, 8990, 9131, 9280, 9411, 9550, 9680, 9801, 9930, 10050, 10170, 10280, 10400, 10510, 10620, 10730, 10840, 10950, 11060, 11170, 11280, 11390, 11491, 11610, 11720, 11830, 11940, 12051, 12170, 12290, 12410, 12530, 12650, 12771, 12900, 13030, 13170, 13310, 13450, 13600, 13751, 13910, 14071, 14241, 14420, 14601, 14800, 15000, 15220, 15440, 15670, 15911, 16170, 16440, 16720, 17001, 17300, 17601, 17920, 18250, 18581, 18920, 19251, 19600, 19940, 20290, 20631, 20981, 21340, 21690, 22040, 22390, 22750, 23110, 23471, 23840, 24211, 24601, 25010, 25440, 25891, 26381, 26891, 27481, 28161, 28971, 30041, 31671, 41151, 34402431]
                 avg          P99       P99.99         P100
Read        18.27μs     21.42μs       2.69ms      37.67ms
Write        15.68μs     31.68μs     40.55μs      34.40ms

=== bench_out8.dat ===
Ops: 2010000  Time: 43.14s  Throughput: 46594.74 ops/sec
Dirty reads: 1193 / 1005343 (0.119%)
  Dirty read avg latency: 1.50ms
read_lats: vec100: [10960, 11610, 11720, 11800, 11871, 11940, 11991, 12050, 12110, 12170, 12230, 12290, 12350, 12420, 12490, 12560, 12640, 12711, 12800, 12880, 12970, 13051, 13140, 13230, 13310, 13391, 13471, 13550, 13630, 13700, 13770, 13840, 13910, 13970, 14031, 14091, 14151, 14220, 14271, 14330, 14390, 14441, 14500, 14551, 14610, 14661, 14720, 14770, 14821, 14871, 14930, 14980, 15030, 15081, 15131, 15190, 15240, 15291, 15341, 15400, 15450, 15510, 15560, 15611, 15670, 15721, 15780, 15840, 15900, 15960, 16020, 16080, 16141, 16210, 16280, 16350, 16420, 16490, 16570, 16650, 16730, 16811, 16901, 17000, 17100, 17201, 17320, 17441, 17580, 17731, 17900, 18090, 18301, 18560, 18880, 19300, 19900, 20911, 23460, 29661, 2889711, 16532648]
write_lats: vec100: [3740, 4650, 5060, 5460, 5800, 6061, 6281, 6480, 6650, 6801, 6950, 7100, 7250, 7400, 7560, 7730, 7891, 8070, 8241, 8420, 8590, 8760, 8930, 9091, 9251, 9410, 9570, 9730, 9880, 10030, 10171, 10320, 10460, 10591, 10730, 10870, 11001, 11140, 11270, 11401, 11540, 11670, 11801, 11940, 12071, 12210, 12350, 12490, 12630, 12780, 12920, 13061, 13210, 13351, 13500, 13641, 13791, 13950, 14110, 14270, 14440, 14620, 14810, 15000, 15200, 15410, 15630, 15851, 16100, 16361, 16650, 16950, 17270, 17610, 17971, 18361, 18761, 19180, 19601, 20050, 20481, 20931, 21381, 21831, 22290, 22741, 23210, 23680, 24141, 24621, 25111, 25621, 26161, 26740, 27381, 28080, 28890, 29881, 31201, 33430, 57332, 16059177]
                 avg          P99       P99.99         P100
Read        17.28μs     29.69μs       2.65ms      16.53ms
Write        14.72μs     33.45μs     54.87μs      16.06ms

Average throughput across all outputs: 53250.67
Average read latency across all outputs: 17.50 us
Average write latency across all outputs: 14.41 us
