Date: 20260519_1458
YCSB workload: workloada_8192_medium

============= RepCXL configuration =============
processes = "0-8"
logger_cluster_size = 3
algorithm = "fmonster"
pipeline = false
round_time = 10 
read_retries = 10
core_affinity = "20-120" 
============= Benchmark Results =============

=== bench_out0.dat ===
Monster: conflicts=14, sync_failures=3014376, empty_requests=0, try_overtime=1004797, check_overtime=1004797, replicate_overtime=1004782
Ops: 2010000  Time: 38.53s  Throughput: 52160.76 ops/sec
Dirty reads: 159 / 1005204 (0.016%)
  Dirty read avg latency: 1.56ms
read_lats: vec100: [11100, 12160, 12290, 12371, 12441, 12501, 12551, 12600, 12641, 12681, 12720, 12760, 12790, 12821, 12851, 12881, 12911, 12941, 12970, 13000, 13030, 13051, 13080, 13110, 13131, 13160, 13190, 13210, 13240, 13261, 13290, 13311, 13340, 13361, 13390, 13411, 13440, 13461, 13490, 13511, 13540, 13561, 13590, 13611, 13640, 13670, 13690, 13720, 13741, 13770, 13800, 13821, 13850, 13880, 13910, 13931, 13961, 13990, 14020, 14050, 14080, 14110, 14140, 14170, 14200, 14230, 14260, 14291, 14330, 14361, 14400, 14431, 14470, 14510, 14541, 14581, 14621, 14670, 14710, 14751, 14800, 14850, 14900, 14950, 15010, 15061, 15121, 15191, 15261, 15340, 15421, 15511, 15620, 15740, 15870, 16030, 16231, 16501, 16920, 17820, 10276364, 10581723]
write_lats: vec100: [6590, 8761, 9280, 9660, 9961, 10221, 10450, 10650, 10820, 10980, 11121, 11270, 11400, 11530, 11641, 11760, 11871, 11981, 12090, 12200, 12300, 12400, 12500, 12600, 12691, 12790, 12890, 12981, 13080, 13171, 13270, 13361, 13460, 13560, 13660, 13760, 13860, 13951, 14060, 14160, 14270, 14371, 14481, 14591, 14711, 14830, 14951, 15080, 15210, 15341, 15481, 15630, 15780, 15931, 16100, 16270, 16450, 16631, 16830, 17030, 17240, 17451, 17671, 17900, 18130, 18360, 18600, 18821, 19050, 19271, 19500, 19721, 19940, 20151, 20370, 20580, 20791, 21000, 21210, 21420, 21621, 21830, 22040, 22250, 22460, 22670, 22890, 23110, 23331, 23571, 23830, 24090, 24370, 24661, 24991, 25361, 25790, 26310, 26991, 28111, 37561, 10659025]
                 avg          P99       P99.99         P100
Read        14.41μs     17.82μs       1.44ms      10.58ms
Write        16.80μs     28.13μs     37.31μs      10.66ms

=== bench_out1.dat ===
Monster: conflicts=1266, sync_failures=3018866, empty_requests=0, try_overtime=1006712, check_overtime=1006712, replicate_overtime=1005442
Ops: 2010000  Time: 41.14s  Throughput: 48858.66 ops/sec
Dirty reads: 157 / 1004365 (0.016%)
  Dirty read avg latency: 1.54ms
read_lats: vec100: [10991, 11971, 12111, 12220, 12301, 12380, 12450, 12511, 12571, 12630, 12680, 12730, 12770, 12811, 12851, 12891, 12931, 12970, 13001, 13040, 13071, 13110, 13140, 13170, 13201, 13231, 13261, 13291, 13321, 13351, 13381, 13411, 13440, 13470, 13500, 13530, 13560, 13581, 13611, 13641, 13670, 13700, 13730, 13751, 13781, 13811, 13840, 13870, 13900, 13930, 13960, 13990, 14020, 14050, 14080, 14110, 14140, 14170, 14200, 14231, 14261, 14300, 14330, 14361, 14400, 14430, 14470, 14500, 14540, 14571, 14610, 14650, 14690, 14730, 14770, 14811, 14851, 14900, 14950, 14991, 15041, 15100, 15150, 15210, 15261, 15330, 15391, 15461, 15540, 15620, 15710, 15801, 15910, 16031, 16180, 16350, 16561, 16851, 17290, 18200, 2037401, 11239479]
write_lats: vec100: [6630, 8620, 9160, 9540, 9820, 10040, 10240, 10420, 10591, 10760, 10920, 11070, 11210, 11350, 11480, 11610, 11730, 11841, 11960, 12070, 12180, 12281, 12390, 12491, 12600, 12700, 12800, 12900, 13000, 13100, 13200, 13300, 13400, 13500, 13600, 13701, 13801, 13910, 14011, 14121, 14230, 14341, 14460, 14571, 14690, 14810, 14931, 15060, 15190, 15321, 15460, 15601, 15751, 15910, 16061, 16221, 16381, 16551, 16721, 16901, 17090, 17280, 17481, 17690, 17901, 18121, 18341, 18570, 18791, 19021, 19260, 19490, 19720, 19950, 20181, 20411, 20641, 20870, 21091, 21311, 21531, 21751, 21980, 22200, 22421, 22650, 22871, 23111, 23351, 23601, 23860, 24130, 24421, 24730, 25071, 25460, 25901, 26450, 27171, 28371, 85802, 11483155]
                 avg          P99       P99.99         P100
Read        14.54μs     18.21μs       1.44ms      11.24ms
Write        16.82μs     28.38μs     62.09μs      11.48ms

=== bench_out2.dat ===
Monster: conflicts=2570, sync_failures=3018331, empty_requests=0, try_overtime=1006967, check_overtime=1006967, replicate_overtime=1004397
Ops: 2010000  Time: 35.18s  Throughput: 57130.67 ops/sec
Dirty reads: 138 / 1005314 (0.014%)
  Dirty read avg latency: 1.58ms
read_lats: vec100: [10860, 12170, 12300, 12390, 12460, 12520, 12570, 12620, 12660, 12700, 12740, 12780, 12810, 12841, 12880, 12910, 12940, 12970, 13000, 13030, 13060, 13090, 13120, 13141, 13170, 13200, 13230, 13251, 13280, 13310, 13331, 13360, 13390, 13411, 13440, 13470, 13491, 13520, 13550, 13571, 13600, 13630, 13651, 13680, 13710, 13731, 13761, 13790, 13820, 13850, 13871, 13900, 13930, 13960, 13990, 14020, 14050, 14080, 14101, 14131, 14170, 14200, 14230, 14260, 14291, 14330, 14360, 14391, 14430, 14461, 14500, 14540, 14580, 14611, 14651, 14691, 14740, 14780, 14830, 14871, 14921, 14971, 15030, 15081, 15140, 15201, 15270, 15340, 15410, 15490, 15580, 15680, 15781, 15910, 16050, 16220, 16430, 16720, 17151, 18150, 3038606, 7493416]
write_lats: vec100: [6760, 8840, 9360, 9740, 10060, 10330, 10560, 10760, 10940, 11100, 11250, 11390, 11520, 11640, 11760, 11880, 11990, 12100, 12210, 12310, 12411, 12511, 12611, 12711, 12810, 12910, 13010, 13100, 13200, 13291, 13390, 13481, 13581, 13680, 13780, 13880, 13980, 14080, 14181, 14290, 14400, 14501, 14611, 14730, 14850, 14970, 15091, 15221, 15351, 15491, 15631, 15780, 15931, 16090, 16260, 16431, 16620, 16810, 17010, 17220, 17430, 17660, 17881, 18120, 18351, 18590, 18830, 19070, 19291, 19521, 19750, 19970, 20181, 20400, 20610, 20820, 21021, 21230, 21431, 21640, 21840, 22041, 22241, 22450, 22660, 22870, 23081, 23301, 23531, 23771, 24020, 24281, 24561, 24861, 25200, 25571, 26021, 26561, 27320, 28641, 65871, 7273730]
                 avg          P99       P99.99         P100
Read        14.35μs     18.15μs    994.83μs       7.49ms
Write        16.94μs     28.66μs     64.11μs       7.27ms

=== bench_out3.dat ===
Monster: conflicts=3998, sync_failures=3023801, empty_requests=0, try_overtime=1009267, check_overtime=1009267, replicate_overtime=1005267
Ops: 2010000  Time: 40.13s  Throughput: 50091.68 ops/sec
Dirty reads: 158 / 1004337 (0.016%)
  Dirty read avg latency: 1.64ms
read_lats: vec100: [11050, 12060, 12200, 12300, 12380, 12450, 12510, 12560, 12610, 12660, 12701, 12741, 12781, 12821, 12860, 12891, 12930, 12960, 12991, 13021, 13060, 13090, 13120, 13150, 13180, 13210, 13240, 13261, 13291, 13320, 13350, 13380, 13401, 13431, 13460, 13490, 13511, 13541, 13570, 13600, 13630, 13651, 13680, 13710, 13740, 13761, 13791, 13820, 13850, 13880, 13910, 13940, 13961, 13991, 14030, 14051, 14081, 14111, 14150, 14180, 14210, 14240, 14271, 14310, 14340, 14371, 14410, 14441, 14480, 14520, 14551, 14590, 14630, 14670, 14710, 14751, 14791, 14840, 14890, 14931, 14981, 15031, 15090, 15150, 15201, 15270, 15331, 15401, 15480, 15561, 15651, 15750, 15860, 15980, 16121, 16300, 16511, 16801, 17251, 18190, 2578784, 13574057]
write_lats: vec100: [6460, 8720, 9251, 9631, 9921, 10161, 10370, 10551, 10730, 10890, 11041, 11190, 11321, 11460, 11581, 11710, 11830, 11940, 12050, 12160, 12270, 12370, 12480, 12580, 12680, 12780, 12880, 12980, 13080, 13171, 13271, 13370, 13470, 13570, 13670, 13771, 13871, 13980, 14081, 14190, 14300, 14410, 14521, 14640, 14760, 14881, 15010, 15131, 15270, 15401, 15550, 15690, 15850, 16001, 16170, 16340, 16510, 16690, 16880, 17070, 17270, 17470, 17680, 17890, 18110, 18331, 18560, 18781, 19010, 19240, 19470, 19691, 19930, 20151, 20381, 20601, 20821, 21041, 21260, 21471, 21690, 21900, 22111, 22331, 22551, 22771, 23001, 23240, 23471, 23730, 23990, 24261, 24560, 24880, 25230, 25621, 26100, 26690, 27500, 29061, 74942, 10755987]
                 avg          P99       P99.99         P100
Read        14.50μs     18.19μs       1.38ms      13.57ms
Write        16.92μs     29.08μs     70.38μs      10.76ms

=== bench_out4.dat ===
Monster: conflicts=5370, sync_failures=3024263, empty_requests=0, try_overtime=1009878, check_overtime=1009878, replicate_overtime=1004507
Ops: 2010000  Time: 40.50s  Throughput: 49626.16 ops/sec
Dirty reads: 148 / 1005045 (0.015%)
  Dirty read avg latency: 1.53ms
read_lats: vec100: [11200, 12221, 12410, 12540, 12651, 12760, 12850, 12931, 13011, 13090, 13160, 13230, 13291, 13360, 13411, 13471, 13530, 13580, 13630, 13681, 13731, 13780, 13830, 13880, 13920, 13961, 14010, 14051, 14100, 14140, 14180, 14220, 14261, 14301, 14341, 14381, 14421, 14460, 14500, 14540, 14580, 14620, 14660, 14691, 14731, 14770, 14810, 14850, 14890, 14930, 14970, 15001, 15041, 15081, 15121, 15161, 15201, 15241, 15281, 15321, 15370, 15410, 15450, 15491, 15540, 15581, 15630, 15671, 15720, 15770, 15820, 15870, 15920, 15970, 16021, 16080, 16131, 16191, 16251, 16320, 16380, 16450, 16520, 16591, 16670, 16750, 16840, 16931, 17031, 17140, 17251, 17380, 17521, 17681, 17870, 18100, 18371, 18731, 19270, 20260, 2155354, 29657717]
write_lats: vec100: [6680, 8890, 9511, 9930, 10270, 10550, 10791, 11020, 11230, 11421, 11610, 11790, 11960, 12121, 12281, 12431, 12581, 12730, 12870, 13010, 13140, 13271, 13401, 13531, 13660, 13780, 13900, 14021, 14140, 14260, 14371, 14490, 14600, 14720, 14830, 14941, 15060, 15180, 15291, 15410, 15530, 15641, 15761, 15881, 16001, 16130, 16251, 16381, 16510, 16641, 16780, 16920, 17060, 17210, 17360, 17511, 17680, 17841, 18020, 18201, 18390, 18581, 18781, 19000, 19221, 19460, 19691, 19950, 20220, 20501, 20800, 21111, 21440, 21771, 22120, 22471, 22830, 23191, 23551, 23910, 24270, 24621, 24971, 25321, 25660, 25991, 26331, 26671, 27020, 27371, 27741, 28120, 28511, 28941, 29401, 29931, 30531, 31281, 32321, 34121, 80452, 30288523]
                 avg          P99       P99.99         P100
Read        15.57μs     20.26μs       1.20ms      29.66ms
Write        18.59μs     34.14μs     71.30μs      30.29ms

=== bench_out5.dat ===
Monster: conflicts=6667, sync_failures=3027600, empty_requests=0, try_overtime=1011423, check_overtime=1011423, replicate_overtime=1004754
Ops: 2010000  Time: 43.49s  Throughput: 46216.55 ops/sec
Dirty reads: 139 / 1004640 (0.014%)
  Dirty read avg latency: 1.48ms
read_lats: vec100: [11070, 11640, 11750, 11831, 11920, 12000, 12090, 12190, 12291, 12400, 12510, 12610, 12701, 12790, 12871, 12951, 13030, 13100, 13170, 13231, 13300, 13360, 13411, 13470, 13521, 13580, 13630, 13680, 13730, 13780, 13821, 13870, 13911, 13960, 14001, 14050, 14091, 14140, 14180, 14220, 14261, 14301, 14350, 14390, 14430, 14470, 14510, 14550, 14590, 14631, 14671, 14711, 14760, 14800, 14840, 14880, 14921, 14961, 15010, 15050, 15091, 15140, 15180, 15221, 15270, 15320, 15361, 15410, 15460, 15510, 15560, 15610, 15660, 15711, 15770, 15821, 15880, 15940, 16000, 16060, 16130, 16191, 16270, 16340, 16420, 16500, 16581, 16680, 16780, 16881, 17001, 17130, 17270, 17430, 17611, 17840, 18111, 18471, 19000, 20001, 2287806, 20940739]
write_lats: vec100: [6380, 7400, 7970, 8451, 8731, 8960, 9160, 9361, 9560, 9771, 10020, 10310, 10620, 10901, 11160, 11390, 11601, 11810, 12001, 12190, 12361, 12530, 12690, 12850, 13001, 13150, 13290, 13431, 13570, 13701, 13840, 13970, 14091, 14221, 14350, 14480, 14600, 14720, 14841, 14961, 15090, 15210, 15331, 15460, 15581, 15710, 15840, 15970, 16091, 16230, 16360, 16491, 16631, 16771, 16921, 17071, 17230, 17390, 17560, 17731, 17920, 18110, 18301, 18511, 18731, 18970, 19211, 19470, 19740, 20020, 20311, 20630, 20960, 21310, 21670, 22040, 22410, 22781, 23171, 23570, 23960, 24331, 24701, 25071, 25441, 25801, 26161, 26521, 26881, 27251, 27631, 28040, 28451, 28891, 29380, 29921, 30551, 31341, 32461, 34431, 88702, 15882245]
                 avg          P99       P99.99         P100
Read        15.21μs     20.01μs       1.26ms      20.94ms
Write        18.11μs     34.45μs     78.90μs      15.88ms

=== bench_out6.dat ===
Monster: conflicts=9201, sync_failures=3033582, empty_requests=0, try_overtime=1014261, check_overtime=1014261, replicate_overtime=1005060
Ops: 2010000  Time: 36.86s  Throughput: 54537.33 ops/sec
Dirty reads: 148 / 1004239 (0.015%)
  Dirty read avg latency: 1.61ms
read_lats: vec100: [11001, 12531, 12710, 12830, 12930, 13010, 13080, 13141, 13201, 13260, 13311, 13370, 13411, 13460, 13510, 13550, 13590, 13631, 13671, 13711, 13750, 13790, 13821, 13860, 13900, 13931, 13970, 14000, 14040, 14070, 14101, 14140, 14170, 14201, 14240, 14270, 14301, 14340, 14370, 14400, 14431, 14461, 14500, 14530, 14561, 14591, 14630, 14660, 14691, 14721, 14760, 14790, 14821, 14860, 14890, 14921, 14960, 14991, 15030, 15070, 15101, 15140, 15180, 15211, 15251, 15290, 15330, 15370, 15410, 15451, 15500, 15540, 15581, 15630, 15671, 15721, 15771, 15821, 15880, 15931, 15990, 16050, 16111, 16180, 16250, 16320, 16400, 16480, 16561, 16660, 16761, 16880, 17001, 17150, 17311, 17511, 17760, 18090, 18571, 19530, 2194304, 29958084]
write_lats: vec100: [7071, 9471, 10060, 10490, 10830, 11121, 11380, 11610, 11820, 12011, 12200, 12361, 12530, 12680, 12830, 12970, 13100, 13230, 13360, 13480, 13601, 13721, 13840, 13951, 14061, 14171, 14281, 14390, 14500, 14610, 14720, 14821, 14930, 15040, 15150, 15251, 15361, 15471, 15581, 15700, 15810, 15921, 16040, 16160, 16280, 16400, 16521, 16650, 16780, 16920, 17051, 17200, 17341, 17500, 17651, 17820, 17991, 18180, 18371, 18570, 18780, 19001, 19240, 19490, 19750, 20030, 20320, 20620, 20931, 21251, 21590, 21920, 22250, 22581, 22911, 23241, 23561, 23880, 24191, 24491, 24800, 25100, 25391, 25690, 25981, 26280, 26581, 26891, 27201, 27531, 27871, 28231, 28601, 29021, 29481, 30001, 30621, 31421, 32581, 34871, 83083, 30019236]
                 avg          P99       P99.99         P100
Read        15.37μs     19.53μs       1.39ms      29.96ms
Write        18.94μs     34.89μs     76.56μs      30.02ms

=== bench_out7.dat ===
Monster: conflicts=10390, sync_failures=3032244, empty_requests=0, try_overtime=1014212, check_overtime=1014212, replicate_overtime=1003820
Ops: 2010000  Time: 40.35s  Throughput: 49811.16 ops/sec
Dirty reads: 162 / 1005425 (0.016%)
  Dirty read avg latency: 1.42ms
read_lats: vec100: [11050, 12171, 12351, 12491, 12610, 12710, 12810, 12890, 12971, 13050, 13121, 13190, 13260, 13320, 13380, 13440, 13491, 13550, 13600, 13650, 13700, 13750, 13791, 13840, 13881, 13930, 13971, 14020, 14060, 14101, 14141, 14181, 14221, 14270, 14310, 14350, 14390, 14421, 14461, 14500, 14540, 14580, 14620, 14660, 14691, 14731, 14770, 14810, 14850, 14890, 14921, 14961, 15001, 15041, 15081, 15121, 15161, 15201, 15241, 15281, 15321, 15370, 15410, 15450, 15491, 15540, 15581, 15630, 15680, 15721, 15771, 15821, 15871, 15930, 15980, 16031, 16091, 16151, 16211, 16280, 16341, 16410, 16480, 16551, 16631, 16720, 16801, 16900, 17000, 17101, 17220, 17351, 17500, 17660, 17851, 18080, 18361, 18741, 19310, 20381, 2405240, 27011240]
write_lats: vec100: [6641, 8920, 9540, 9961, 10291, 10570, 10820, 11040, 11250, 11440, 11630, 11800, 11970, 12130, 12290, 12440, 12590, 12731, 12870, 13010, 13141, 13280, 13401, 13530, 13651, 13771, 13900, 14011, 14130, 14241, 14360, 14480, 14591, 14710, 14820, 14931, 15050, 15161, 15271, 15390, 15510, 15621, 15741, 15861, 15981, 16110, 16231, 16361, 16491, 16630, 16761, 16900, 17050, 17200, 17350, 17510, 17671, 17840, 18020, 18200, 18391, 18591, 18801, 19021, 19250, 19481, 19731, 20000, 20280, 20570, 20870, 21190, 21520, 21860, 22210, 22570, 22930, 23291, 23660, 24021, 24371, 24730, 25070, 25411, 25750, 26081, 26420, 26761, 27101, 27460, 27821, 28210, 28611, 29051, 29531, 30080, 30721, 31521, 32730, 35121, 87092, 31650376]
                 avg          P99       P99.99         P100
Read        15.53μs     20.39μs       1.35ms      27.01ms
Write        18.68μs     35.15μs     83.34μs      31.65ms

=== bench_out8.dat ===
Monster: conflicts=12915, sync_failures=3036870, empty_requests=0, try_overtime=1016595, check_overtime=1016595, replicate_overtime=1003680
Ops: 2010000  Time: 36.97s  Throughput: 54370.98 ops/sec
Dirty reads: 138 / 1005343 (0.014%)
  Dirty read avg latency: 1.50ms
read_lats: vec100: [11210, 12590, 12770, 12891, 12990, 13080, 13150, 13211, 13280, 13331, 13390, 13440, 13490, 13540, 13580, 13621, 13670, 13710, 13750, 13790, 13830, 13870, 13910, 13941, 13980, 14020, 14051, 14090, 14121, 14160, 14191, 14230, 14260, 14291, 14330, 14360, 14391, 14430, 14460, 14491, 14530, 14560, 14591, 14630, 14660, 14691, 14730, 14760, 14791, 14830, 14860, 14891, 14930, 14961, 15000, 15031, 15070, 15101, 15140, 15180, 15211, 15250, 15290, 15330, 15370, 15410, 15450, 15490, 15530, 15571, 15620, 15661, 15710, 15760, 15810, 15860, 15910, 15960, 16020, 16071, 16131, 16191, 16260, 16330, 16400, 16471, 16551, 16640, 16731, 16831, 16940, 17060, 17191, 17350, 17521, 17731, 18000, 18350, 18870, 19891, 2130712, 21831222]
write_lats: vec100: [6770, 9480, 10071, 10500, 10841, 11131, 11390, 11620, 11830, 12020, 12200, 12371, 12531, 12681, 12830, 12970, 13110, 13240, 13370, 13491, 13610, 13730, 13841, 13960, 14070, 14181, 14291, 14400, 14510, 14620, 14721, 14830, 14940, 15050, 15151, 15270, 15371, 15481, 15591, 15701, 15820, 15931, 16050, 16170, 16290, 16410, 16540, 16670, 16800, 16931, 17071, 17220, 17370, 17530, 17681, 17851, 18030, 18211, 18410, 18610, 18821, 19051, 19291, 19540, 19810, 20081, 20380, 20681, 21000, 21321, 21641, 21980, 22311, 22641, 22971, 23301, 23621, 23940, 24251, 24551, 24851, 25151, 25450, 25750, 26040, 26340, 26640, 26941, 27271, 27601, 27950, 28311, 28710, 29131, 29610, 30161, 30821, 31691, 33051, 35961, 100582, 25058272]
                 avg          P99       P99.99         P100
Read        15.48μs     19.90μs       1.10ms      21.83ms
Write        19.09μs     35.99μs     90.43μs      25.06ms

Average throughput across all outputs: 51422.67
Average read latency across all outputs: 15.00 us
Average write latency across all outputs: 17.88 us
