Date: 20260519_1534
YCSB workload: workloada_8192_medium

============= RepCXL configuration =============
processes = "0-8"
logger_cluster_size = 3
algorithm = "lock"
pipeline = false
round_time = 1300 
read_retries = 10
core_affinity = "20-120" 
============= Benchmark Results =============

=== bench_out0.dat ===
Ops: 2010000  Time: 35.13s  Throughput: 57216.97 ops/sec
Dirty reads: 0 / 1005204 (0.000%)
read_lats: vec100: [8000, 8890, 8961, 8990, 9010, 9030, 9050, 9071, 9100, 9130, 9151, 9180, 9210, 9231, 9260, 9290, 9310, 9340, 9360, 9390, 9410, 9440, 9461, 9490, 9511, 9540, 9570, 9591, 9620, 9650, 9670, 9700, 9721, 9750, 9771, 9800, 9830, 9850, 9871, 9900, 9921, 9950, 9970, 10000, 10020, 10050, 10070, 10091, 10120, 10150, 10171, 10200, 10230, 10251, 10280, 10310, 10340, 10370, 10400, 10430, 10461, 10500, 10530, 10570, 10600, 10640, 10671, 10711, 10750, 10790, 10830, 10871, 10920, 10960, 11001, 11050, 11100, 11150, 11200, 11251, 11310, 11370, 11430, 11490, 11551, 11621, 11700, 11771, 11860, 11950, 12050, 12160, 12280, 12411, 12570, 12760, 13000, 13320, 13840, 15501, 11968997, 14452858]
write_lats: vec100: [6800, 8330, 8660, 8850, 8990, 9110, 9220, 9321, 9421, 9520, 9620, 9721, 9830, 9931, 10041, 10150, 10260, 10370, 10471, 10581, 10690, 10800, 10901, 11010, 11110, 11210, 11310, 11401, 11500, 11590, 11671, 11760, 11840, 11920, 12000, 12080, 12160, 12240, 12311, 12400, 12480, 12561, 12650, 12731, 12821, 12911, 13010, 13100, 13190, 13281, 13380, 13480, 13571, 13670, 13770, 13870, 13971, 14080, 14190, 14290, 14400, 14510, 14620, 14730, 14841, 14960, 15080, 15200, 15320, 15450, 15580, 15710, 15841, 15980, 16121, 16271, 16430, 16590, 16751, 16921, 17101, 17281, 17471, 17670, 17870, 18081, 18301, 18550, 18791, 19070, 19361, 19680, 20021, 20401, 20831, 21311, 21871, 22571, 23500, 24951, 42481, 17896134]
                 avg          P99       P99.99         P100
Read        10.80μs     15.50μs     47.99μs      14.45ms
Write        14.47μs     24.97μs     41.68μs      17.90ms

=== bench_out1.dat ===
Ops: 2010000  Time: 27.72s  Throughput: 72515.51 ops/sec
Dirty reads: 0 / 1004365 (0.000%)
read_lats: vec100: [7920, 8970, 9010, 9031, 9061, 9091, 9130, 9160, 9190, 9220, 9241, 9270, 9300, 9330, 9350, 9380, 9401, 9430, 9460, 9481, 9510, 9531, 9560, 9590, 9611, 9640, 9670, 9691, 9720, 9750, 9780, 9801, 9830, 9860, 9890, 9920, 9941, 9971, 10000, 10030, 10060, 10090, 10120, 10141, 10170, 10200, 10230, 10260, 10281, 10311, 10340, 10370, 10400, 10430, 10460, 10490, 10520, 10551, 10590, 10620, 10650, 10681, 10720, 10750, 10790, 10820, 10860, 10891, 10930, 10970, 11010, 11050, 11090, 11130, 11170, 11211, 11260, 11300, 11350, 11400, 11450, 11501, 11560, 11620, 11680, 11740, 11810, 11880, 11960, 12040, 12131, 12231, 12350, 12480, 12630, 12811, 13050, 13370, 13891, 15850, 45671, 20910539]
write_lats: vec100: [6900, 8570, 8910, 9130, 9300, 9441, 9571, 9691, 9810, 9911, 10020, 10120, 10221, 10330, 10430, 10530, 10630, 10730, 10830, 10931, 11031, 11130, 11230, 11321, 11420, 11510, 11600, 11690, 11780, 11861, 11950, 12040, 12120, 12201, 12290, 12370, 12451, 12540, 12621, 12710, 12800, 12890, 12980, 13070, 13160, 13260, 13351, 13450, 13550, 13650, 13750, 13850, 13951, 14051, 14160, 14260, 14361, 14470, 14571, 14680, 14781, 14890, 15001, 15111, 15230, 15341, 15460, 15580, 15710, 15830, 15960, 16090, 16230, 16370, 16510, 16651, 16801, 16960, 17120, 17280, 17441, 17620, 17800, 17981, 18171, 18380, 18590, 18811, 19050, 19301, 19571, 19870, 20181, 20540, 20931, 21381, 21901, 22550, 23430, 24760, 7363663, 20584741]
                 avg          P99       P99.99         P100
Read        10.90μs     15.88μs     42.44μs      20.91ms
Write        14.86μs     24.76μs     40.51μs      20.58ms

=== bench_out2.dat ===
Ops: 2010000  Time: 34.47s  Throughput: 58317.54 ops/sec
Dirty reads: 0 / 1005314 (0.000%)
read_lats: vec100: [8040, 8950, 8980, 8991, 9011, 9040, 9061, 9090, 9120, 9150, 9171, 9200, 9230, 9251, 9280, 9301, 9330, 9360, 9380, 9410, 9431, 9460, 9481, 9510, 9540, 9561, 9590, 9620, 9640, 9670, 9700, 9720, 9750, 9771, 9800, 9821, 9850, 9871, 9900, 9921, 9950, 9971, 10000, 10021, 10050, 10071, 10100, 10130, 10150, 10180, 10210, 10230, 10260, 10290, 10320, 10350, 10380, 10410, 10440, 10470, 10500, 10531, 10570, 10601, 10640, 10680, 10710, 10750, 10790, 10830, 10870, 10910, 10950, 11000, 11040, 11090, 11131, 11181, 11231, 11290, 11340, 11400, 11460, 11520, 11590, 11651, 11730, 11801, 11890, 11971, 12070, 12180, 12300, 12430, 12590, 12771, 13010, 13330, 13860, 15590, 8309286, 15184927]
write_lats: vec100: [6861, 8400, 8711, 8901, 9050, 9180, 9300, 9410, 9520, 9630, 9731, 9841, 9950, 10060, 10170, 10280, 10390, 10490, 10600, 10700, 10810, 10911, 11011, 11120, 11220, 11320, 11420, 11511, 11610, 11700, 11790, 11871, 11960, 12040, 12120, 12200, 12280, 12360, 12441, 12521, 12610, 12691, 12780, 12870, 12960, 13050, 13140, 13231, 13330, 13421, 13520, 13620, 13720, 13811, 13911, 14020, 14120, 14220, 14321, 14430, 14540, 14641, 14750, 14860, 14971, 15090, 15200, 15320, 15440, 15561, 15690, 15820, 15951, 16091, 16240, 16381, 16531, 16690, 16850, 17011, 17190, 17370, 17550, 17740, 17931, 18140, 18360, 18590, 18840, 19101, 19390, 19700, 20040, 20420, 20830, 21300, 21851, 22530, 23441, 24841, 43511, 17829323]
                 avg          P99       P99.99         P100
Read        10.84μs     15.59μs     46.56μs      15.18ms
Write        14.60μs     24.86μs     40.47μs      17.83ms

=== bench_out3.dat ===
Ops: 2010000  Time: 27.77s  Throughput: 72387.03 ops/sec
Dirty reads: 0 / 1004337 (0.000%)
read_lats: vec100: [8131, 9000, 9030, 9060, 9090, 9120, 9150, 9180, 9210, 9240, 9270, 9291, 9321, 9350, 9380, 9401, 9430, 9460, 9481, 9510, 9540, 9560, 9590, 9620, 9640, 9670, 9700, 9720, 9750, 9780, 9801, 9830, 9860, 9890, 9920, 9950, 9971, 10001, 10030, 10060, 10090, 10120, 10150, 10171, 10200, 10230, 10260, 10290, 10320, 10341, 10371, 10400, 10430, 10461, 10491, 10521, 10560, 10590, 10620, 10650, 10681, 10720, 10750, 10790, 10820, 10860, 10890, 10930, 10970, 11001, 11040, 11080, 11120, 11160, 11201, 11250, 11290, 11340, 11390, 11431, 11490, 11540, 11590, 11650, 11710, 11771, 11840, 11910, 11990, 12080, 12170, 12270, 12381, 12511, 12670, 12850, 13081, 13410, 13941, 15840, 64571, 21724449]
write_lats: vec100: [6871, 8601, 8930, 9150, 9321, 9470, 9601, 9720, 9840, 9941, 10050, 10151, 10260, 10360, 10461, 10561, 10670, 10770, 10870, 10970, 11070, 11170, 11261, 11360, 11451, 11550, 11640, 11721, 11811, 11901, 11990, 12080, 12160, 12250, 12330, 12411, 12500, 12581, 12670, 12760, 12841, 12931, 13021, 13111, 13210, 13301, 13400, 13500, 13591, 13691, 13791, 13900, 14000, 14100, 14200, 14301, 14410, 14520, 14621, 14730, 14831, 14940, 15050, 15161, 15271, 15390, 15510, 15630, 15750, 15880, 16010, 16140, 16271, 16411, 16560, 16701, 16851, 17010, 17170, 17330, 17490, 17661, 17841, 18030, 18220, 18421, 18630, 18851, 19090, 19340, 19611, 19911, 20230, 20590, 20980, 21420, 21930, 22571, 23430, 24761, 49601, 27090771]
                 avg          P99       P99.99         P100
Read        10.95μs     15.86μs     42.26μs      21.72ms
Write        14.83μs     24.77μs     40.11μs      27.09ms

=== bench_out4.dat ===
Ops: 2010000  Time: 29.67s  Throughput: 67746.45 ops/sec
Dirty reads: 0 / 1005045 (0.000%)
read_lats: vec100: [8000, 8990, 9041, 9100, 9150, 9191, 9240, 9280, 9320, 9351, 9390, 9430, 9461, 9500, 9531, 9570, 9600, 9640, 9670, 9700, 9740, 9770, 9801, 9840, 9870, 9901, 9940, 9970, 10000, 10031, 10070, 10100, 10130, 10161, 10200, 10230, 10261, 10300, 10330, 10360, 10400, 10430, 10460, 10500, 10530, 10570, 10600, 10640, 10670, 10710, 10741, 10780, 10820, 10850, 10890, 10930, 10970, 11001, 11041, 11081, 11121, 11161, 11210, 11250, 11290, 11331, 11380, 11421, 11470, 11520, 11561, 11611, 11661, 11711, 11770, 11820, 11880, 11931, 11991, 12060, 12120, 12190, 12260, 12330, 12410, 12490, 12571, 12660, 12760, 12870, 12980, 13101, 13241, 13401, 13590, 13801, 14070, 14431, 15000, 16661, 56722, 26261511]
write_lats: vec100: [6900, 8810, 9191, 9460, 9671, 9860, 10021, 10180, 10330, 10471, 10610, 10740, 10870, 11000, 11130, 11250, 11370, 11481, 11600, 11710, 11811, 11920, 12030, 12130, 12230, 12330, 12430, 12521, 12620, 12720, 12820, 12911, 13010, 13110, 13201, 13301, 13401, 13510, 13610, 13710, 13811, 13920, 14020, 14130, 14231, 14341, 14451, 14560, 14670, 14780, 14890, 15001, 15120, 15230, 15341, 15460, 15580, 15700, 15820, 15950, 16071, 16200, 16330, 16461, 16600, 16740, 16880, 17020, 17170, 17320, 17471, 17630, 17790, 17951, 18121, 18291, 18470, 18651, 18840, 19030, 19230, 19431, 19651, 19881, 20111, 20360, 20610, 20881, 21170, 21461, 21781, 22121, 22491, 22910, 23361, 23890, 24500, 25241, 26221, 27731, 3204729, 24265221]
                 avg          P99       P99.99         P100
Read        11.37μs     16.68μs     42.87μs      26.26ms
Write        16.17μs     27.74μs     41.42μs      24.27ms

=== bench_out5.dat ===
Ops: 2010000  Time: 34.75s  Throughput: 57834.29 ops/sec
Dirty reads: 0 / 1004640 (0.000%)
read_lats: vec100: [7980, 8940, 8990, 9030, 9070, 9110, 9150, 9190, 9230, 9261, 9300, 9330, 9370, 9400, 9430, 9461, 9500, 9530, 9560, 9590, 9621, 9660, 9690, 9720, 9750, 9780, 9811, 9850, 9880, 9910, 9940, 9970, 10000, 10030, 10061, 10091, 10130, 10160, 10190, 10220, 10250, 10281, 10320, 10350, 10380, 10411, 10450, 10480, 10520, 10550, 10590, 10620, 10660, 10700, 10731, 10770, 10810, 10850, 10890, 10930, 10961, 11010, 11050, 11090, 11131, 11180, 11221, 11270, 11320, 11361, 11410, 11461, 11511, 11561, 11620, 11680, 11731, 11790, 11851, 11920, 11981, 12050, 12121, 12200, 12280, 12360, 12450, 12541, 12640, 12750, 12870, 13000, 13140, 13300, 13481, 13701, 13970, 14340, 14901, 16490, 77082, 16010337]
write_lats: vec100: [6880, 8451, 8820, 9070, 9271, 9460, 9620, 9771, 9921, 10061, 10200, 10340, 10470, 10600, 10730, 10850, 10971, 11100, 11211, 11321, 11431, 11540, 11650, 11751, 11860, 11960, 12060, 12151, 12251, 12350, 12450, 12550, 12650, 12750, 12841, 12941, 13041, 13150, 13250, 13350, 13451, 13560, 13660, 13770, 13870, 13971, 14080, 14190, 14300, 14410, 14511, 14630, 14740, 14850, 14970, 15081, 15200, 15320, 15440, 15570, 15691, 15821, 15950, 16081, 16220, 16360, 16500, 16640, 16790, 16940, 17090, 17250, 17410, 17571, 17740, 17911, 18090, 18270, 18460, 18651, 18860, 19070, 19281, 19510, 19750, 19991, 20250, 20530, 20821, 21130, 21460, 21811, 22200, 22621, 23100, 23640, 24281, 25061, 26081, 27671, 1485516, 17394321]
                 avg          P99       P99.99         P100
Read        11.21μs     16.50μs     43.62μs      16.01ms
Write        15.68μs     27.68μs     41.08μs      17.39ms

=== bench_out6.dat ===
Ops: 2010000  Time: 35.43s  Throughput: 56729.87 ops/sec
Dirty reads: 0 / 1004239 (0.000%)
read_lats: vec100: [8130, 8920, 8960, 8990, 9020, 9050, 9080, 9111, 9150, 9180, 9211, 9241, 9280, 9310, 9340, 9370, 9400, 9430, 9460, 9491, 9530, 9560, 9590, 9620, 9651, 9690, 9720, 9750, 9780, 9810, 9840, 9870, 9900, 9930, 9960, 9981, 10011, 10041, 10071, 10101, 10131, 10170, 10200, 10230, 10260, 10291, 10330, 10360, 10400, 10430, 10461, 10500, 10540, 10571, 10610, 10650, 10690, 10730, 10770, 10810, 10850, 10890, 10931, 10980, 11020, 11070, 11111, 11160, 11210, 11260, 11310, 11360, 11420, 11470, 11530, 11590, 11650, 11710, 11780, 11841, 11911, 11990, 12061, 12141, 12221, 12311, 12401, 12501, 12610, 12720, 12841, 12980, 13120, 13290, 13480, 13701, 13980, 14350, 14910, 16250, 59301, 20299564]
write_lats: vec100: [6550, 8030, 8381, 8631, 8830, 8991, 9140, 9271, 9400, 9530, 9651, 9780, 9910, 10031, 10160, 10290, 10420, 10550, 10670, 10791, 10911, 11031, 11150, 11261, 11371, 11490, 11600, 11701, 11801, 11910, 12010, 12110, 12210, 12310, 12410, 12511, 12611, 12720, 12820, 12930, 13030, 13140, 13241, 13351, 13460, 13570, 13680, 13791, 13901, 14020, 14130, 14241, 14360, 14480, 14591, 14720, 14840, 14960, 15081, 15210, 15340, 15470, 15601, 15741, 15880, 16020, 16161, 16311, 16470, 16621, 16780, 16941, 17111, 17281, 17461, 17650, 17831, 18030, 18221, 18430, 18640, 18860, 19090, 19330, 19581, 19850, 20131, 20430, 20741, 21070, 21420, 21801, 22221, 22690, 23191, 23771, 24451, 25290, 26391, 28071, 50351, 20529089]
                 avg          P99       P99.99         P100
Read        11.17μs     16.26μs     46.09μs      20.30ms
Write        15.34μs     28.09μs     39.43μs      20.53ms

=== bench_out7.dat ===
Ops: 2010000  Time: 38.08s  Throughput: 52777.94 ops/sec
Dirty reads: 0 / 1005425 (0.000%)
read_lats: vec100: [8061, 8850, 8891, 8920, 8950, 8980, 9001, 9031, 9070, 9100, 9140, 9170, 9201, 9240, 9271, 9310, 9340, 9380, 9410, 9441, 9480, 9510, 9541, 9580, 9610, 9640, 9670, 9700, 9730, 9760, 9781, 9811, 9840, 9870, 9891, 9920, 9950, 9980, 10010, 10040, 10070, 10101, 10140, 10170, 10200, 10240, 10270, 10310, 10341, 10380, 10420, 10451, 10491, 10531, 10570, 10610, 10650, 10691, 10731, 10780, 10820, 10861, 10910, 10951, 11000, 11050, 11090, 11140, 11190, 11240, 11291, 11350, 11400, 11460, 11520, 11580, 11640, 11700, 11770, 11831, 11901, 11980, 12051, 12131, 12220, 12310, 12400, 12500, 12600, 12711, 12840, 12970, 13120, 13290, 13480, 13700, 13980, 14341, 14911, 16300, 4124302, 18162141]
write_lats: vec100: [6550, 7530, 7770, 7950, 8120, 8270, 8420, 8550, 8670, 8771, 8880, 8981, 9090, 9200, 9320, 9450, 9591, 9741, 9900, 10050, 10210, 10360, 10510, 10650, 10790, 10930, 11060, 11190, 11320, 11441, 11570, 11690, 11801, 11921, 12040, 12151, 12270, 12380, 12500, 12610, 12721, 12840, 12951, 13070, 13181, 13300, 13420, 13540, 13660, 13771, 13900, 14020, 14140, 14260, 14390, 14510, 14640, 14770, 14900, 15030, 15161, 15300, 15440, 15580, 15720, 15861, 16011, 16161, 16321, 16481, 16641, 16811, 16981, 17161, 17341, 17530, 17720, 17911, 18120, 18330, 18541, 18761, 18991, 19240, 19500, 19761, 20041, 20340, 20651, 20990, 21340, 21721, 22150, 22610, 23111, 23701, 24400, 25231, 26361, 28071, 42731, 19593517]
                 avg          P99       P99.99         P100
Read        11.05μs     16.31μs     45.30μs      18.16ms
Write        14.96μs     28.09μs     39.65μs      19.59ms

=== bench_out8.dat ===
Ops: 2010000  Time: 29.72s  Throughput: 67624.12 ops/sec
Dirty reads: 0 / 1005343 (0.000%)
read_lats: vec100: [7950, 8990, 9050, 9100, 9150, 9200, 9240, 9280, 9320, 9360, 9391, 9430, 9470, 9500, 9540, 9570, 9601, 9640, 9670, 9701, 9740, 9770, 9810, 9840, 9871, 9910, 9940, 9971, 10010, 10040, 10070, 10110, 10140, 10170, 10201, 10240, 10270, 10300, 10340, 10370, 10400, 10440, 10470, 10501, 10540, 10571, 10610, 10641, 10680, 10720, 10750, 10790, 10830, 10861, 10900, 10940, 10980, 11011, 11051, 11091, 11131, 11180, 11220, 11260, 11301, 11350, 11390, 11440, 11480, 11530, 11580, 11621, 11671, 11730, 11780, 11831, 11890, 11950, 12010, 12070, 12131, 12200, 12270, 12340, 12420, 12500, 12581, 12671, 12770, 12880, 12990, 13111, 13250, 13410, 13590, 13800, 14070, 14421, 14991, 16680, 74512, 20764405]
write_lats: vec100: [6821, 8821, 9211, 9480, 9700, 9880, 10050, 10200, 10350, 10490, 10630, 10760, 10891, 11020, 11150, 11270, 11390, 11510, 11620, 11730, 11840, 11941, 12041, 12150, 12250, 12350, 12450, 12541, 12641, 12740, 12831, 12931, 13030, 13130, 13230, 13321, 13421, 13521, 13630, 13730, 13831, 13940, 14041, 14150, 14251, 14361, 14470, 14580, 14690, 14800, 14910, 15020, 15131, 15250, 15360, 15471, 15591, 15710, 15830, 15951, 16080, 16201, 16331, 16470, 16601, 16741, 16881, 17030, 17180, 17330, 17480, 17631, 17790, 17951, 18120, 18290, 18461, 18641, 18830, 19020, 19220, 19430, 19641, 19870, 20100, 20341, 20591, 20860, 21140, 21440, 21761, 22101, 22471, 22881, 23351, 23871, 24481, 25231, 26221, 27751, 2063711, 17310970]
                 avg          P99       P99.99         P100
Read        11.40μs     16.70μs     43.86μs      20.76ms
Write        16.16μs     27.76μs     43.49μs      17.31ms

Average throughput across all outputs: 62572.22
Average read latency across all outputs: 11.08 us
Average write latency across all outputs: 15.23 us
