Date: 20260519_1523
YCSB workload: workloada_8192_medium

============= RepCXL configuration =============
processes = "0-8"
logger_cluster_size = 3
algorithm = "fmonster"
pipeline = false
round_time = 1300 
read_retries = 10
core_affinity = "20-120" 
============= Benchmark Results =============

=== bench_out0.dat ===
Monster: conflicts=17, sync_failures=1544723, empty_requests=0, try_overtime=358527, check_overtime=181411, replicate_overtime=1004785
Ops: 2010000  Time: 42.52s  Throughput: 47274.27 ops/sec
Dirty reads: 131 / 1005204 (0.013%)
  Dirty read avg latency: 1.73ms
read_lats: vec100: [11070, 12071, 12230, 12331, 12420, 12500, 12560, 12620, 12680, 12730, 12771, 12820, 12861, 12910, 12950, 12990, 13021, 13061, 13100, 13131, 13170, 13201, 13240, 13270, 13301, 13340, 13370, 13400, 13430, 13461, 13491, 13521, 13551, 13581, 13611, 13641, 13671, 13701, 13731, 13761, 13791, 13821, 13851, 13881, 13911, 13941, 13971, 14001, 14031, 14061, 14091, 14121, 14151, 14190, 14220, 14250, 14280, 14311, 14341, 14380, 14410, 14441, 14480, 14511, 14550, 14581, 14620, 14660, 14691, 14731, 14770, 14810, 14851, 14891, 14940, 14980, 15021, 15070, 15120, 15170, 15220, 15271, 15330, 15390, 15451, 15520, 15581, 15660, 15740, 15820, 15910, 16010, 16120, 16241, 16390, 16551, 16761, 17040, 17461, 18360, 10179493, 13799352]
write_lats: vec100: [7800, 10061, 10551, 10890, 11140, 11361, 11560, 11731, 11900, 12060, 12201, 12341, 12480, 12610, 12731, 12851, 12971, 13090, 13201, 13311, 13421, 13530, 13631, 13740, 13841, 13941, 14050, 14150, 14250, 14350, 14451, 14551, 14651, 14760, 14860, 14961, 15070, 15170, 15280, 15381, 15491, 15600, 15711, 15830, 15940, 16060, 16180, 16300, 16421, 16551, 16681, 16820, 16961, 17110, 17260, 17411, 17571, 17740, 17910, 18090, 18270, 18460, 18650, 18851, 19051, 19261, 19471, 19690, 19901, 20121, 20340, 20551, 20771, 20990, 21201, 21420, 21631, 21850, 22060, 22271, 22491, 22710, 22930, 23151, 23381, 23610, 23840, 24071, 24320, 24561, 24830, 25101, 25391, 25701, 26041, 26430, 26861, 27390, 28091, 29211, 39731, 10223964]
                 avg          P99       P99.99         P100
Read        14.62μs     18.36μs       1.16ms      13.80ms
Write        17.88μs     29.23μs     39.60μs      10.22ms

=== bench_out1.dat ===
Monster: conflicts=1287, sync_failures=1527216, empty_requests=0, try_overtime=338016, check_overtime=183832, replicate_overtime=1005368
Ops: 2010000  Time: 34.51s  Throughput: 58247.62 ops/sec
Dirty reads: 120 / 1004365 (0.012%)
  Dirty read avg latency: 1.64ms
read_lats: vec100: [10940, 12080, 12201, 12290, 12351, 12410, 12460, 12500, 12540, 12580, 12611, 12650, 12680, 12710, 12740, 12770, 12800, 12821, 12850, 12880, 12901, 12930, 12951, 12980, 13001, 13030, 13050, 13071, 13100, 13121, 13150, 13170, 13191, 13220, 13241, 13270, 13290, 13311, 13340, 13361, 13390, 13410, 13440, 13460, 13481, 13510, 13531, 13560, 13590, 13610, 13640, 13661, 13690, 13720, 13741, 13770, 13800, 13821, 13851, 13880, 13910, 13940, 13970, 14000, 14030, 14060, 14091, 14121, 14160, 14190, 14221, 14260, 14300, 14331, 14370, 14410, 14450, 14490, 14531, 14580, 14621, 14670, 14720, 14771, 14830, 14890, 14950, 15011, 15081, 15160, 15241, 15331, 15440, 15551, 15690, 15850, 16060, 16340, 16761, 17661, 1603860, 6626085]
write_lats: vec100: [7550, 10150, 10740, 11110, 11390, 11621, 11830, 12010, 12180, 12330, 12471, 12611, 12750, 12871, 13000, 13120, 13231, 13341, 13460, 13561, 13670, 13770, 13871, 13980, 14080, 14180, 14271, 14371, 14471, 14570, 14670, 14770, 14870, 14961, 15070, 15170, 15270, 15370, 15480, 15581, 15691, 15801, 15911, 16030, 16141, 16260, 16380, 16510, 16631, 16770, 16900, 17040, 17181, 17340, 17491, 17651, 17821, 18000, 18180, 18361, 18560, 18760, 18960, 19161, 19371, 19581, 19800, 20020, 20231, 20450, 20660, 20870, 21081, 21281, 21481, 21681, 21890, 22090, 22281, 22481, 22681, 22881, 23081, 23291, 23500, 23701, 23920, 24131, 24361, 24600, 24841, 25101, 25380, 25681, 26001, 26371, 26810, 27331, 28021, 29181, 64412, 6267846]
                 avg          P99       P99.99         P100
Read        14.08μs     17.67μs    714.28μs       6.63ms
Write        18.03μs     29.18μs     56.99μs       6.27ms

=== bench_out2.dat ===
Monster: conflicts=2557, sync_failures=1557764, empty_requests=0, try_overtime=367345, check_overtime=186278, replicate_overtime=1004141
Ops: 2010000  Time: 42.38s  Throughput: 47424.27 ops/sec
Dirty reads: 134 / 1005314 (0.013%)
  Dirty read avg latency: 1.65ms
read_lats: vec100: [11000, 11901, 12050, 12141, 12220, 12290, 12341, 12400, 12450, 12491, 12531, 12580, 12611, 12650, 12681, 12720, 12750, 12781, 12811, 12841, 12871, 12901, 12930, 12960, 12990, 13020, 13041, 13070, 13100, 13121, 13150, 13180, 13201, 13230, 13260, 13281, 13310, 13331, 13360, 13390, 13411, 13440, 13470, 13491, 13520, 13550, 13571, 13600, 13630, 13660, 13681, 13711, 13740, 13770, 13800, 13830, 13860, 13890, 13920, 13950, 13980, 14010, 14041, 14080, 14110, 14141, 14180, 14211, 14250, 14290, 14321, 14361, 14401, 14441, 14481, 14530, 14571, 14620, 14670, 14720, 14770, 14821, 14880, 14941, 15010, 15071, 15150, 15221, 15310, 15400, 15510, 15630, 15761, 15930, 16130, 16400, 16791, 17491, 19190, 23641, 5852915, 16847258]
write_lats: vec100: [7361, 10090, 10581, 10920, 11180, 11400, 11600, 11780, 11941, 12100, 12250, 12390, 12530, 12660, 12790, 12910, 13030, 13150, 13260, 13371, 13480, 13590, 13700, 13801, 13910, 14011, 14120, 14220, 14320, 14421, 14530, 14630, 14730, 14840, 14940, 15050, 15151, 15260, 15370, 15480, 15590, 15700, 15820, 15940, 16060, 16180, 16301, 16430, 16560, 16700, 16831, 16980, 17121, 17280, 17431, 17591, 17761, 17940, 18111, 18300, 18490, 18681, 18890, 19091, 19301, 19511, 19730, 19950, 20161, 20380, 20601, 20820, 21031, 21250, 21470, 21681, 21891, 22111, 22321, 22540, 22751, 22970, 23190, 23411, 23640, 23870, 24101, 24351, 24601, 24861, 25140, 25430, 25741, 26081, 26461, 26900, 27411, 28061, 29061, 31371, 67892, 9982228]
                 avg          P99       P99.99         P100
Read        14.40μs     23.65μs       1.17ms      16.85ms
Write        18.23μs     31.41μs     66.39μs       9.98ms

=== bench_out3.dat ===
Monster: conflicts=3987, sync_failures=1544110, empty_requests=0, try_overtime=354154, check_overtime=185163, replicate_overtime=1004793
Ops: 2010000  Time: 42.50s  Throughput: 47294.79 ops/sec
Dirty reads: 130 / 1004337 (0.013%)
  Dirty read avg latency: 1.50ms
read_lats: vec100: [10991, 11980, 12111, 12210, 12281, 12350, 12401, 12460, 12501, 12550, 12590, 12630, 12670, 12701, 12740, 12770, 12801, 12840, 12870, 12900, 12930, 12960, 12990, 13011, 13041, 13070, 13100, 13130, 13160, 13181, 13210, 13240, 13270, 13290, 13320, 13350, 13371, 13400, 13430, 13451, 13481, 13510, 13540, 13561, 13590, 13620, 13650, 13680, 13701, 13731, 13760, 13790, 13820, 13850, 13880, 13910, 13940, 13970, 14000, 14031, 14061, 14100, 14130, 14161, 14200, 14230, 14270, 14301, 14340, 14380, 14411, 14451, 14491, 14540, 14580, 14620, 14661, 14710, 14760, 14810, 14860, 14911, 14970, 15030, 15090, 15151, 15230, 15300, 15381, 15471, 15570, 15671, 15800, 15931, 16100, 16291, 16541, 16910, 17510, 19021, 2427471, 19979956]
write_lats: vec100: [7480, 10130, 10630, 10960, 11220, 11440, 11640, 11821, 11991, 12150, 12300, 12441, 12580, 12710, 12840, 12960, 13081, 13200, 13311, 13421, 13540, 13650, 13751, 13860, 13961, 14070, 14170, 14280, 14380, 14481, 14590, 14690, 14791, 14900, 15000, 15101, 15210, 15320, 15421, 15531, 15641, 15751, 15870, 15990, 16110, 16230, 16350, 16480, 16610, 16740, 16871, 17010, 17151, 17301, 17460, 17620, 17780, 17951, 18130, 18310, 18491, 18690, 18890, 19090, 19291, 19510, 19720, 19940, 20160, 20380, 20600, 20811, 21031, 21250, 21470, 21681, 21900, 22120, 22331, 22551, 22770, 22981, 23201, 23430, 23651, 23881, 24120, 24351, 24600, 24860, 25130, 25420, 25721, 26060, 26420, 26841, 27341, 27951, 28811, 30480, 74762, 21517595]
                 avg          P99       P99.99         P100
Read        14.39μs     19.04μs       1.18ms      19.98ms
Write        18.24μs     30.50μs     66.93μs      21.52ms

=== bench_out4.dat ===
Monster: conflicts=5892, sync_failures=1884279, empty_requests=0, try_overtime=522913, check_overtime=357430, replicate_overtime=1003936
Ops: 2010000  Time: 38.70s  Throughput: 51942.14 ops/sec
Dirty reads: 135 / 1005045 (0.013%)
  Dirty read avg latency: 1.41ms
read_lats: vec100: [11451, 12770, 12980, 13111, 13220, 13310, 13390, 13460, 13520, 13580, 13640, 13690, 13740, 13790, 13831, 13880, 13920, 13961, 14010, 14050, 14081, 14121, 14161, 14200, 14240, 14271, 14310, 14341, 14380, 14411, 14450, 14481, 14520, 14551, 14590, 14620, 14651, 14690, 14720, 14751, 14790, 14820, 14851, 14890, 14920, 14951, 14990, 15021, 15060, 15090, 15121, 15160, 15191, 15230, 15261, 15300, 15331, 15370, 15410, 15441, 15480, 15520, 15560, 15591, 15631, 15680, 15720, 15760, 15800, 15841, 15890, 15931, 15980, 16030, 16071, 16121, 16180, 16230, 16281, 16340, 16400, 16461, 16530, 16591, 16670, 16740, 16820, 16901, 16991, 17090, 17191, 17311, 17440, 17590, 17760, 17970, 18221, 18551, 19051, 20031, 1920777, 29585524]
write_lats: vec100: [7550, 10950, 11600, 12041, 12390, 12690, 12941, 13180, 13390, 13581, 13770, 13941, 14110, 14270, 14420, 14561, 14700, 14831, 14960, 15090, 15210, 15331, 15451, 15570, 15690, 15801, 15920, 16031, 16141, 16260, 16370, 16480, 16590, 16691, 16801, 16911, 17021, 17131, 17241, 17360, 17471, 17581, 17700, 17820, 17940, 18060, 18181, 18310, 18431, 18570, 18700, 18831, 18980, 19121, 19271, 19430, 19581, 19751, 19921, 20110, 20291, 20490, 20691, 20910, 21140, 21380, 21630, 21890, 22160, 22441, 22731, 23031, 23341, 23651, 23971, 24290, 24610, 24921, 25231, 25541, 25850, 26151, 26451, 26760, 27061, 27361, 27671, 27981, 28310, 28631, 28971, 29321, 29701, 30111, 30561, 31051, 31631, 32361, 33370, 35291, 81372, 28935038]
                 avg          P99       P99.99         P100
Read        15.79μs     20.04μs       1.02ms      29.59ms
Write        20.45μs     35.31μs     71.71μs      28.94ms

=== bench_out5.dat ===
Monster: conflicts=7803, sync_failures=1883480, empty_requests=0, try_overtime=516939, check_overtime=362498, replicate_overtime=1004043
Ops: 2010000  Time: 38.49s  Throughput: 52226.01 ops/sec
Dirty reads: 140 / 1004640 (0.014%)
  Dirty read avg latency: 1.34ms
read_lats: vec100: [11100, 12490, 12660, 12780, 12880, 12960, 13030, 13091, 13151, 13210, 13261, 13311, 13361, 13410, 13451, 13500, 13540, 13580, 13620, 13660, 13700, 13740, 13771, 13810, 13841, 13880, 13911, 13950, 13981, 14020, 14051, 14090, 14120, 14151, 14181, 14220, 14250, 14281, 14320, 14350, 14380, 14411, 14450, 14480, 14511, 14541, 14580, 14610, 14641, 14680, 14710, 14741, 14780, 14811, 14850, 14881, 14920, 14951, 14990, 15021, 15060, 15100, 15140, 15171, 15211, 15251, 15291, 15331, 15380, 15420, 15460, 15501, 15550, 15591, 15641, 15691, 15741, 15791, 15850, 15901, 15960, 16020, 16081, 16150, 16220, 16291, 16370, 16451, 16540, 16631, 16740, 16851, 16980, 17121, 17290, 17481, 17730, 18061, 18551, 19520, 1922848, 29862032]
write_lats: vec100: [7330, 10950, 11620, 12071, 12430, 12730, 12990, 13220, 13431, 13630, 13810, 13980, 14141, 14300, 14450, 14591, 14731, 14861, 15000, 15121, 15250, 15371, 15490, 15610, 15721, 15840, 15950, 16061, 16180, 16290, 16400, 16510, 16611, 16721, 16831, 16941, 17051, 17170, 17280, 17390, 17501, 17620, 17740, 17851, 17971, 18091, 18220, 18341, 18471, 18610, 18741, 18880, 19021, 19170, 19320, 19471, 19631, 19801, 19981, 20161, 20360, 20551, 20761, 20980, 21201, 21450, 21701, 21961, 22240, 22521, 22821, 23130, 23431, 23750, 24060, 24371, 24690, 25010, 25320, 25621, 25931, 26231, 26531, 26830, 27130, 27431, 27741, 28060, 28371, 28701, 29051, 29401, 29781, 30190, 30640, 31151, 31770, 32531, 33620, 35890, 84833, 31436470]
                 avg          P99       P99.99         P100
Read        15.23μs     19.52μs    855.81μs      29.86ms
Write        20.66μs     35.91μs     78.27μs      31.44ms

=== bench_out6.dat ===
Monster: conflicts=9635, sync_failures=1895669, empty_requests=0, try_overtime=522769, check_overtime=368843, replicate_overtime=1004057
Ops: 2010000  Time: 38.43s  Throughput: 52297.36 ops/sec
Dirty reads: 151 / 1004239 (0.015%)
  Dirty read avg latency: 1.41ms
read_lats: vec100: [11200, 12490, 12670, 12790, 12881, 12970, 13040, 13110, 13170, 13230, 13280, 13331, 13380, 13430, 13471, 13520, 13561, 13601, 13641, 13681, 13721, 13760, 13800, 13840, 13871, 13910, 13941, 13980, 14011, 14050, 14081, 14120, 14151, 14190, 14221, 14260, 14290, 14321, 14360, 14390, 14421, 14460, 14490, 14521, 14560, 14590, 14621, 14660, 14691, 14730, 14760, 14791, 14830, 14861, 14900, 14931, 14970, 15010, 15041, 15080, 15120, 15160, 15191, 15231, 15271, 15311, 15351, 15400, 15440, 15481, 15530, 15571, 15620, 15670, 15720, 15770, 15821, 15880, 15930, 15990, 16050, 16110, 16171, 16241, 16320, 16391, 16471, 16560, 16650, 16750, 16860, 16980, 17110, 17261, 17431, 17641, 17901, 18241, 18750, 19710, 2149443, 30754653]
write_lats: vec100: [7741, 11000, 11681, 12140, 12491, 12790, 13051, 13290, 13510, 13701, 13890, 14061, 14230, 14390, 14540, 14680, 14820, 14951, 15081, 15211, 15340, 15460, 15581, 15700, 15820, 15931, 16050, 16161, 16280, 16390, 16500, 16610, 16721, 16831, 16941, 17060, 17170, 17280, 17390, 17510, 17621, 17740, 17860, 17980, 18100, 18221, 18350, 18471, 18610, 18740, 18880, 19020, 19160, 19310, 19460, 19620, 19781, 19960, 20131, 20320, 20510, 20710, 20920, 21140, 21370, 21611, 21870, 22130, 22401, 22691, 22981, 23281, 23590, 23901, 24220, 24531, 24841, 25151, 25461, 25770, 26071, 26380, 26671, 26981, 27290, 27600, 27911, 28231, 28551, 28890, 29231, 29600, 29991, 30401, 30871, 31401, 32031, 32821, 33991, 36711, 89952, 31344239]
                 avg          P99       P99.99         P100
Read        15.56μs     19.71μs       1.20ms      30.75ms
Write        20.64μs     36.74μs     82.95μs      31.34ms

=== bench_out7.dat ===
Monster: conflicts=10192, sync_failures=1776039, empty_requests=0, try_overtime=455462, check_overtime=317803, replicate_overtime=1002774
Ops: 2010000  Time: 46.29s  Throughput: 43426.36 ops/sec
Dirty reads: 111 / 1005425 (0.011%)
  Dirty read avg latency: 1.56ms
read_lats: vec100: [11100, 11600, 11690, 11751, 11810, 11851, 11900, 11941, 11990, 12030, 12071, 12120, 12170, 12220, 12280, 12341, 12420, 12511, 12630, 12760, 12880, 12991, 13091, 13181, 13270, 13350, 13420, 13490, 13551, 13620, 13680, 13740, 13800, 13851, 13910, 13961, 14020, 14070, 14120, 14170, 14221, 14271, 14320, 14370, 14420, 14470, 14511, 14561, 14610, 14660, 14701, 14750, 14800, 14841, 14890, 14940, 14990, 15031, 15081, 15130, 15180, 15230, 15280, 15330, 15380, 15431, 15481, 15540, 15590, 15641, 15700, 15760, 15811, 15871, 15931, 16000, 16061, 16131, 16201, 16271, 16350, 16430, 16510, 16591, 16681, 16780, 16881, 16990, 17110, 17240, 17381, 17541, 17721, 17930, 18180, 18490, 18901, 19530, 20670, 24641, 2450141, 27153014]
write_lats: vec100: [7151, 8990, 9380, 9620, 9810, 9970, 10120, 10251, 10381, 10520, 10651, 10800, 10961, 11150, 11370, 11650, 11990, 12340, 12671, 12990, 13270, 13531, 13771, 14001, 14220, 14420, 14611, 14791, 14970, 15141, 15310, 15470, 15620, 15770, 15920, 16060, 16200, 16331, 16470, 16600, 16721, 16850, 16970, 17090, 17210, 17330, 17450, 17570, 17690, 17810, 17930, 18060, 18191, 18321, 18461, 18610, 18751, 18901, 19060, 19221, 19391, 19570, 19751, 19950, 20160, 20371, 20610, 20850, 21110, 21381, 21671, 21990, 22321, 22671, 23041, 23421, 23821, 24241, 24661, 25080, 25491, 25901, 26300, 26691, 27081, 27471, 27860, 28241, 28641, 29031, 29450, 29880, 30331, 30821, 31361, 31980, 32731, 33721, 35301, 39811, 100333, 27974815]
                 avg          P99       P99.99         P100
Read        15.29μs     24.66μs    917.96μs      27.15ms
Write        19.59μs     39.88μs     94.51μs      27.97ms

=== bench_out8.dat ===
Monster: conflicts=14949, sync_failures=1904058, empty_requests=0, try_overtime=530544, check_overtime=371345, replicate_overtime=1002169
Ops: 2010000  Time: 38.48s  Throughput: 52241.38 ops/sec
Dirty reads: 124 / 1005343 (0.012%)
  Dirty read avg latency: 1.35ms
read_lats: vec100: [11171, 12511, 12700, 12820, 12920, 13010, 13081, 13150, 13211, 13271, 13330, 13380, 13430, 13480, 13521, 13570, 13611, 13660, 13700, 13740, 13780, 13820, 13851, 13891, 13930, 13970, 14001, 14040, 14071, 14110, 14141, 14180, 14211, 14250, 14281, 14320, 14350, 14381, 14420, 14450, 14490, 14520, 14551, 14590, 14620, 14651, 14690, 14721, 14760, 14791, 14830, 14861, 14900, 14931, 14970, 15001, 15040, 15080, 15120, 15151, 15190, 15230, 15270, 15310, 15350, 15390, 15430, 15471, 15520, 15561, 15610, 15651, 15700, 15750, 15800, 15850, 15901, 15960, 16011, 16071, 16131, 16200, 16261, 16331, 16410, 16481, 16570, 16660, 16750, 16851, 16960, 17081, 17220, 17370, 17550, 17760, 18030, 18380, 18910, 19941, 1800095, 22928889]
write_lats: vec100: [7351, 10991, 11670, 12120, 12480, 12780, 13040, 13280, 13491, 13690, 13880, 14050, 14210, 14370, 14520, 14660, 14800, 14931, 15070, 15200, 15320, 15441, 15561, 15681, 15801, 15920, 16031, 16150, 16260, 16370, 16481, 16591, 16701, 16811, 16921, 17031, 17150, 17260, 17371, 17490, 17601, 17720, 17840, 17960, 18080, 18201, 18330, 18460, 18590, 18721, 18860, 19000, 19141, 19291, 19450, 19610, 19771, 19950, 20130, 20311, 20510, 20711, 20930, 21151, 21390, 21640, 21900, 22171, 22451, 22741, 23041, 23350, 23660, 23971, 24290, 24601, 24920, 25231, 25551, 25861, 26170, 26471, 26771, 27080, 27381, 27681, 28001, 28320, 28640, 28981, 29340, 29711, 30111, 30551, 31041, 31601, 32300, 33211, 34721, 39731, 104073, 23350630]
                 avg          P99       P99.99         P100
Read        15.38μs     19.95μs    808.99μs      22.93ms
Write        20.68μs     39.78μs     93.80μs      23.35ms

Average throughput across all outputs: 50263.67
Average read latency across all outputs: 14.97 us
Average write latency across all outputs: 19.38 us
