Date: 20260519_1618
YCSB workload: workloadb_1024_medium

============= RepCXL configuration =============
processes = "0-8"
logger_cluster_size = 3
algorithm = "lock"
pipeline = false
round_time = 1300 
read_retries = 10
core_affinity = "20-120" 
============= Benchmark Results =============

=== bench_out0.dat ===
Ops: 2010000  Time: 10.88s  Throughput: 184666.33 ops/sec
Dirty reads: 0 / 1909289 (0.000%)
read_lats: vec100: [3800, 4660, 4720, 4840, 4880, 4880, 4890, 4890, 4891, 4900, 4900, 4900, 4901, 4910, 4910, 4910, 4910, 4911, 4920, 4920, 4920, 4920, 4920, 4930, 4930, 4930, 4930, 4930, 4931, 4940, 4940, 4940, 4940, 4940, 4940, 4950, 4950, 4950, 4950, 4950, 4951, 4960, 4960, 4960, 4960, 4961, 4970, 4970, 4980, 4980, 4981, 4990, 5000, 5000, 5010, 5010, 5020, 5020, 5030, 5040, 5040, 5050, 5060, 5060, 5070, 5080, 5081, 5090, 5100, 5110, 5120, 5120, 5130, 5140, 5150, 5151, 5160, 5170, 5180, 5190, 5200, 5210, 5220, 5230, 5240, 5250, 5270, 5290, 5301, 5330, 5351, 5381, 5420, 5450, 5500, 5560, 5630, 5740, 5970, 7640, 18831, 8429349]
write_lats: vec100: [3240, 3870, 3950, 4010, 4050, 4090, 4120, 4140, 4151, 4170, 4190, 4200, 4220, 4230, 4250, 4260, 4270, 4281, 4300, 4310, 4320, 4321, 4330, 4340, 4350, 4360, 4370, 4370, 4380, 4390, 4390, 4400, 4401, 4410, 4420, 4420, 4430, 4430, 4440, 4440, 4450, 4450, 4460, 4470, 4470, 4480, 4490, 4491, 4500, 4510, 4520, 4520, 4530, 4540, 4550, 4550, 4560, 4570, 4580, 4581, 4590, 4600, 4610, 4620, 4620, 4630, 4640, 4650, 4660, 4670, 4680, 4690, 4700, 4710, 4720, 4730, 4740, 4750, 4760, 4771, 4790, 4800, 4811, 4830, 4840, 4860, 4880, 4891, 4920, 4940, 4960, 4990, 5020, 5050, 5090, 5131, 5200, 5280, 5400, 5680, 10891, 1882407]
                 avg          P99       P99.99         P100
Read         5.12μs      7.64μs     16.68μs       8.43ms
Write         4.59μs      5.69μs     10.89μs       1.88ms

=== bench_out1.dat ===
Ops: 2010000  Time: 10.86s  Throughput: 185146.18 ops/sec
Dirty reads: 0 / 1909534 (0.000%)
read_lats: vec100: [3840, 4670, 4740, 4870, 4880, 4890, 4890, 4890, 4900, 4900, 4900, 4900, 4901, 4910, 4910, 4910, 4910, 4911, 4920, 4920, 4920, 4920, 4921, 4930, 4930, 4930, 4930, 4930, 4931, 4940, 4940, 4940, 4940, 4940, 4940, 4950, 4950, 4950, 4950, 4950, 4950, 4960, 4960, 4960, 4960, 4961, 4970, 4970, 4980, 4980, 4981, 4990, 5000, 5000, 5010, 5010, 5020, 5021, 5030, 5040, 5040, 5050, 5060, 5060, 5070, 5080, 5081, 5090, 5100, 5110, 5120, 5120, 5130, 5140, 5150, 5151, 5160, 5170, 5180, 5190, 5200, 5210, 5220, 5230, 5240, 5250, 5270, 5281, 5300, 5330, 5350, 5380, 5411, 5450, 5500, 5560, 5630, 5740, 5970, 7660, 23130, 8066600]
write_lats: vec100: [3210, 3880, 3970, 4030, 4070, 4110, 4130, 4150, 4170, 4190, 4200, 4220, 4240, 4250, 4261, 4280, 4290, 4300, 4310, 4320, 4321, 4330, 4340, 4350, 4360, 4360, 4370, 4380, 4380, 4390, 4390, 4400, 4401, 4410, 4411, 4420, 4421, 4430, 4440, 4440, 4450, 4451, 4460, 4470, 4471, 4480, 4490, 4500, 4500, 4510, 4520, 4530, 4530, 4540, 4550, 4560, 4560, 4570, 4580, 4590, 4591, 4600, 4610, 4620, 4630, 4630, 4640, 4650, 4660, 4670, 4680, 4690, 4700, 4710, 4720, 4730, 4740, 4750, 4760, 4771, 4790, 4800, 4811, 4830, 4840, 4860, 4880, 4891, 4911, 4931, 4960, 4980, 5010, 5041, 5081, 5130, 5191, 5280, 5400, 5680, 8431, 18511]
                 avg          P99       P99.99         P100
Read         5.12μs      7.66μs     16.86μs       8.07ms
Write         4.57μs      5.71μs     10.15μs     18.51μs

=== bench_out2.dat ===
Ops: 2010000  Time: 10.87s  Throughput: 184840.41 ops/sec
Dirty reads: 0 / 1909278 (0.000%)
read_lats: vec100: [3870, 4670, 4690, 4740, 4840, 4890, 4900, 4900, 4900, 4910, 4910, 4910, 4910, 4911, 4920, 4920, 4920, 4920, 4920, 4920, 4930, 4930, 4930, 4930, 4930, 4930, 4930, 4931, 4940, 4940, 4940, 4940, 4940, 4940, 4940, 4941, 4950, 4950, 4950, 4950, 4950, 4951, 4960, 4960, 4960, 4960, 4970, 4970, 4971, 4980, 4981, 4990, 5000, 5000, 5010, 5010, 5020, 5021, 5030, 5040, 5040, 5050, 5060, 5060, 5070, 5080, 5090, 5090, 5100, 5110, 5120, 5130, 5130, 5140, 5150, 5160, 5161, 5170, 5180, 5190, 5200, 5210, 5220, 5230, 5240, 5251, 5270, 5290, 5300, 5330, 5351, 5381, 5420, 5460, 5500, 5560, 5640, 5750, 5981, 7650, 20150, 8075410]
write_lats: vec100: [3180, 3881, 3970, 4030, 4070, 4110, 4130, 4150, 4170, 4190, 4210, 4220, 4240, 4251, 4270, 4280, 4290, 4300, 4310, 4320, 4330, 4340, 4350, 4350, 4360, 4370, 4380, 4380, 4390, 4400, 4400, 4410, 4410, 4420, 4420, 4430, 4431, 4440, 4450, 4450, 4460, 4470, 4470, 4480, 4490, 4491, 4500, 4510, 4520, 4520, 4530, 4540, 4541, 4550, 4560, 4570, 4570, 4580, 4590, 4600, 4601, 4610, 4620, 4630, 4640, 4641, 4650, 4660, 4670, 4680, 4690, 4700, 4710, 4720, 4730, 4740, 4750, 4760, 4770, 4781, 4800, 4810, 4821, 4840, 4851, 4870, 4890, 4901, 4920, 4940, 4970, 4990, 5020, 5050, 5090, 5130, 5190, 5270, 5390, 5690, 9681, 181745]
                 avg          P99       P99.99         P100
Read         5.12μs      7.65μs     17.11μs       8.08ms
Write         4.58μs      5.71μs     11.13μs    181.75μs

=== bench_out3.dat ===
Ops: 2010000  Time: 10.90s  Throughput: 184472.65 ops/sec
Dirty reads: 0 / 1909400 (0.000%)
read_lats: vec100: [3670, 4680, 4740, 4870, 4900, 4910, 4910, 4910, 4920, 4920, 4920, 4920, 4920, 4921, 4930, 4930, 4930, 4930, 4930, 4930, 4931, 4940, 4940, 4940, 4940, 4940, 4940, 4940, 4941, 4950, 4950, 4950, 4950, 4950, 4950, 4950, 4951, 4960, 4960, 4960, 4960, 4960, 4970, 4970, 4970, 4970, 4980, 4980, 4990, 4990, 5000, 5000, 5010, 5010, 5020, 5021, 5030, 5040, 5040, 5050, 5051, 5060, 5070, 5071, 5080, 5090, 5100, 5110, 5110, 5120, 5130, 5140, 5140, 5150, 5160, 5170, 5171, 5180, 5190, 5200, 5210, 5220, 5230, 5240, 5250, 5261, 5280, 5291, 5310, 5340, 5360, 5391, 5430, 5460, 5510, 5570, 5640, 5750, 5990, 7670, 8116571]
write_lats: vec100: [3350, 3851, 3940, 4000, 4050, 4090, 4111, 4131, 4150, 4170, 4190, 4210, 4221, 4240, 4260, 4270, 4280, 4290, 4300, 4310, 4320, 4330, 4340, 4350, 4360, 4360, 4370, 4380, 4380, 4390, 4390, 4400, 4400, 4410, 4411, 4420, 4430, 4430, 4440, 4440, 4450, 4460, 4460, 4470, 4480, 4480, 4490, 4500, 4510, 4510, 4520, 4530, 4540, 4540, 4550, 4560, 4570, 4571, 4580, 4590, 4600, 4610, 4610, 4620, 4630, 4640, 4650, 4660, 4661, 4670, 4680, 4690, 4700, 4710, 4720, 4731, 4750, 4760, 4770, 4780, 4790, 4810, 4820, 4830, 4850, 4861, 4880, 4900, 4920, 4940, 4961, 4990, 5020, 5060, 5100, 5140, 5210, 5291, 5411, 5680, 28071]
                 avg          P99       P99.99         P100
Read         5.13μs      7.67μs     16.84μs       8.12ms
Write         4.57μs      5.68μs     10.57μs     28.07μs

=== bench_out4.dat ===
Ops: 2010000  Time: 10.81s  Throughput: 185861.10 ops/sec
Dirty reads: 0 / 1909277 (0.000%)
read_lats: vec100: [3881, 4640, 4710, 4840, 4850, 4850, 4860, 4860, 4861, 4870, 4870, 4870, 4880, 4880, 4880, 4880, 4890, 4890, 4890, 4890, 4891, 4900, 4900, 4900, 4901, 4910, 4910, 4910, 4911, 4920, 4920, 4920, 4920, 4930, 4930, 4930, 4930, 4940, 4940, 4940, 4940, 4941, 4950, 4950, 4950, 4951, 4960, 4960, 4960, 4970, 4970, 4970, 4980, 4980, 4990, 4990, 5000, 5001, 5010, 5020, 5020, 5030, 5040, 5040, 5050, 5060, 5060, 5070, 5080, 5090, 5090, 5100, 5110, 5120, 5130, 5130, 5140, 5150, 5160, 5170, 5180, 5190, 5200, 5210, 5220, 5230, 5250, 5270, 5281, 5310, 5330, 5360, 5390, 5430, 5471, 5531, 5610, 5710, 5950, 7590, 19520, 8131282]
write_lats: vec100: [3120, 3830, 3920, 3970, 4020, 4051, 4090, 4110, 4130, 4150, 4161, 4180, 4200, 4210, 4221, 4240, 4250, 4260, 4270, 4280, 4290, 4300, 4310, 4320, 4330, 4330, 4340, 4350, 4351, 4360, 4370, 4370, 4380, 4380, 4390, 4391, 4400, 4410, 4410, 4420, 4420, 4430, 4431, 4440, 4450, 4450, 4460, 4470, 4470, 4480, 4490, 4500, 4500, 4510, 4520, 4530, 4531, 4540, 4550, 4560, 4570, 4571, 4580, 4590, 4600, 4610, 4620, 4630, 4631, 4640, 4650, 4660, 4670, 4680, 4690, 4701, 4720, 4730, 4740, 4750, 4770, 4780, 4790, 4810, 4820, 4840, 4860, 4871, 4891, 4911, 4940, 4961, 4990, 5030, 5060, 5110, 5170, 5250, 5370, 5640, 9380, 619475]
                 avg          P99       P99.99         P100
Read         5.10μs      7.59μs     16.03μs       8.13ms
Write         4.55μs      5.65μs     10.43μs    619.48μs

=== bench_out5.dat ===
Ops: 2010000  Time: 10.81s  Throughput: 185942.76 ops/sec
Dirty reads: 0 / 1909388 (0.000%)
read_lats: vec100: [3870, 4640, 4690, 4780, 4840, 4850, 4851, 4860, 4860, 4870, 4870, 4870, 4871, 4880, 4880, 4880, 4890, 4890, 4890, 4890, 4900, 4900, 4900, 4900, 4901, 4910, 4910, 4910, 4911, 4920, 4920, 4920, 4920, 4930, 4930, 4930, 4930, 4931, 4940, 4940, 4940, 4941, 4950, 4950, 4950, 4950, 4960, 4960, 4960, 4961, 4970, 4970, 4980, 4980, 4990, 4990, 5000, 5000, 5010, 5011, 5020, 5030, 5031, 5040, 5050, 5051, 5060, 5070, 5080, 5081, 5090, 5100, 5110, 5120, 5120, 5130, 5140, 5150, 5160, 5170, 5180, 5190, 5200, 5210, 5220, 5230, 5250, 5260, 5280, 5300, 5330, 5360, 5390, 5421, 5470, 5530, 5600, 5710, 5950, 7580, 19081, 8130292]
write_lats: vec100: [3240, 3830, 3910, 3970, 4020, 4060, 4100, 4120, 4140, 4151, 4170, 4190, 4201, 4220, 4231, 4250, 4260, 4270, 4280, 4290, 4300, 4310, 4320, 4330, 4340, 4341, 4350, 4360, 4370, 4370, 4380, 4380, 4390, 4390, 4400, 4401, 4410, 4411, 4420, 4421, 4430, 4440, 4440, 4450, 4460, 4460, 4470, 4480, 4480, 4490, 4500, 4510, 4510, 4520, 4530, 4540, 4540, 4550, 4560, 4570, 4571, 4580, 4590, 4600, 4610, 4620, 4621, 4631, 4640, 4650, 4660, 4670, 4680, 4690, 4700, 4710, 4721, 4740, 4750, 4760, 4770, 4790, 4800, 4820, 4830, 4850, 4870, 4880, 4900, 4921, 4950, 4971, 5000, 5040, 5080, 5130, 5190, 5270, 5400, 5680, 10760, 20041]
                 avg          P99       P99.99         P100
Read         5.10μs      7.58μs     16.22μs       8.13ms
Write         4.55μs      5.68μs     11.46μs     20.04μs

=== bench_out6.dat ===
Ops: 2010000  Time: 10.83s  Throughput: 185561.32 ops/sec
Dirty reads: 0 / 1909306 (0.000%)
read_lats: vec100: [3940, 4660, 4740, 4860, 4870, 4870, 4880, 4880, 4881, 4890, 4890, 4890, 4891, 4900, 4900, 4900, 4900, 4910, 4910, 4910, 4910, 4911, 4920, 4920, 4920, 4921, 4930, 4930, 4930, 4930, 4940, 4940, 4940, 4940, 4941, 4950, 4950, 4950, 4950, 4951, 4960, 4960, 4960, 4960, 4961, 4970, 4970, 4970, 4980, 4980, 4981, 4990, 4990, 5000, 5000, 5010, 5011, 5020, 5030, 5030, 5040, 5041, 5050, 5060, 5070, 5070, 5080, 5090, 5091, 5100, 5110, 5120, 5130, 5130, 5140, 5150, 5160, 5170, 5171, 5180, 5190, 5200, 5210, 5220, 5240, 5250, 5260, 5280, 5300, 5320, 5350, 5380, 5410, 5450, 5490, 5550, 5621, 5730, 5970, 7621, 28220, 8163163]
write_lats: vec100: [3150, 3840, 3920, 3980, 4021, 4060, 4090, 4120, 4140, 4150, 4170, 4181, 4200, 4220, 4230, 4240, 4260, 4270, 4280, 4290, 4300, 4310, 4320, 4321, 4330, 4340, 4350, 4360, 4360, 4370, 4380, 4380, 4390, 4390, 4400, 4400, 4410, 4411, 4420, 4430, 4430, 4440, 4440, 4450, 4460, 4460, 4470, 4480, 4490, 4490, 4500, 4510, 4520, 4520, 4530, 4540, 4550, 4550, 4560, 4570, 4580, 4581, 4590, 4600, 4610, 4620, 4630, 4640, 4650, 4651, 4661, 4671, 4681, 4691, 4710, 4720, 4730, 4740, 4751, 4770, 4780, 4790, 4810, 4820, 4840, 4860, 4871, 4891, 4920, 4940, 4960, 4990, 5020, 5060, 5100, 5150, 5210, 5290, 5420, 5670, 7880, 13281]
                 avg          P99       P99.99         P100
Read         5.12μs      7.62μs     16.57μs       8.16ms
Write         4.55μs      5.70μs     10.08μs     13.28μs

=== bench_out7.dat ===
Ops: 2010000  Time: 10.83s  Throughput: 185575.51 ops/sec
Dirty reads: 0 / 1909351 (0.000%)
read_lats: vec100: [3930, 4651, 4720, 4850, 4860, 4861, 4870, 4870, 4871, 4880, 4880, 4880, 4881, 4890, 4890, 4890, 4891, 4900, 4900, 4900, 4900, 4910, 4910, 4910, 4910, 4920, 4920, 4920, 4920, 4921, 4930, 4930, 4930, 4930, 4930, 4940, 4940, 4940, 4940, 4940, 4941, 4950, 4950, 4950, 4950, 4960, 4960, 4960, 4961, 4970, 4970, 4980, 4980, 4990, 4990, 5000, 5001, 5010, 5020, 5020, 5030, 5031, 5040, 5050, 5051, 5060, 5070, 5080, 5080, 5090, 5100, 5110, 5120, 5120, 5130, 5140, 5150, 5160, 5161, 5170, 5180, 5190, 5200, 5211, 5230, 5240, 5251, 5270, 5290, 5310, 5340, 5370, 5400, 5440, 5480, 5540, 5620, 5720, 5970, 7601, 20561, 8021289]
write_lats: vec100: [3270, 3850, 3940, 3990, 4040, 4080, 4110, 4130, 4150, 4170, 4190, 4201, 4220, 4231, 4250, 4260, 4270, 4280, 4290, 4300, 4310, 4320, 4330, 4340, 4340, 4350, 4360, 4361, 4370, 4380, 4380, 4390, 4390, 4400, 4401, 4410, 4411, 4420, 4430, 4430, 4440, 4440, 4450, 4460, 4461, 4470, 4480, 4490, 4490, 4500, 4510, 4520, 4520, 4530, 4540, 4550, 4550, 4560, 4570, 4580, 4581, 4590, 4600, 4610, 4620, 4630, 4631, 4641, 4650, 4660, 4670, 4680, 4690, 4700, 4711, 4730, 4740, 4750, 4760, 4770, 4790, 4800, 4811, 4830, 4841, 4860, 4880, 4900, 4920, 4940, 4960, 4990, 5020, 5050, 5090, 5140, 5200, 5290, 5410, 5690, 8680, 3731773]
                 avg          P99       P99.99         P100
Read         5.11μs      7.61μs     16.43μs       8.02ms
Write         4.60μs      5.71μs     11.25μs       3.73ms

=== bench_out8.dat ===
Ops: 2010000  Time: 10.84s  Throughput: 185507.16 ops/sec
Dirty reads: 0 / 1909685 (0.000%)
read_lats: vec100: [3890, 4650, 4720, 4850, 4870, 4870, 4880, 4880, 4880, 4890, 4890, 4890, 4890, 4891, 4900, 4900, 4900, 4900, 4901, 4910, 4910, 4910, 4910, 4910, 4920, 4920, 4920, 4920, 4920, 4920, 4930, 4930, 4930, 4930, 4930, 4930, 4940, 4940, 4940, 4940, 4940, 4941, 4950, 4950, 4950, 4950, 4960, 4960, 4960, 4970, 4970, 4980, 4980, 4990, 4990, 5000, 5001, 5010, 5020, 5020, 5030, 5031, 5040, 5050, 5051, 5060, 5070, 5080, 5081, 5090, 5100, 5110, 5120, 5120, 5130, 5140, 5150, 5160, 5161, 5170, 5180, 5190, 5200, 5210, 5221, 5240, 5250, 5270, 5290, 5310, 5331, 5370, 5400, 5431, 5480, 5540, 5610, 5720, 5960, 7601, 19331, 8293946]
write_lats: vec100: [3280, 3860, 3940, 3990, 4040, 4080, 4110, 4130, 4150, 4161, 4180, 4200, 4220, 4230, 4250, 4260, 4270, 4280, 4290, 4300, 4310, 4320, 4330, 4340, 4350, 4350, 4360, 4370, 4370, 4380, 4381, 4390, 4391, 4400, 4401, 4410, 4411, 4420, 4430, 4430, 4440, 4440, 4450, 4460, 4460, 4470, 4480, 4481, 4490, 4500, 4510, 4510, 4520, 4530, 4540, 4540, 4550, 4560, 4570, 4570, 4580, 4590, 4600, 4601, 4610, 4620, 4630, 4640, 4650, 4660, 4670, 4680, 4690, 4700, 4710, 4720, 4730, 4740, 4750, 4770, 4780, 4790, 4810, 4821, 4840, 4860, 4871, 4891, 4910, 4940, 4960, 4990, 5020, 5051, 5100, 5150, 5220, 5300, 5440, 5710, 10421, 913592]
                 avg          P99       P99.99         P100
Read         5.11μs      7.61μs     16.58μs       8.29ms
Write         4.57μs      5.72μs     10.76μs    913.59μs

Average throughput across all outputs: 185286.67
Average read latency across all outputs: 5.11 us
Average write latency across all outputs: 4.57 us
