Date: 20260519_1629
YCSB workload: workloadb_1024_medium

============= RepCXL configuration =============
processes = "0-8"
logger_cluster_size = 3
algorithm = "fmonster"
pipeline = false
round_time = 10 
read_retries = 10
core_affinity = "20-120" 
============= Benchmark Results =============

=== bench_out0.dat ===
Monster: conflicts=0, sync_failures=302133, empty_requests=0, try_overtime=100711, check_overtime=100711, replicate_overtime=100711
Ops: 2010000  Time: 8.09s  Throughput: 248495.44 ops/sec
Dirty reads: 2 / 1909289 (0.000%)
  Dirty read avg latency: 1.50ms
read_lats: vec100: [2290, 3080, 3140, 3150, 3160, 3170, 3180, 3181, 3190, 3200, 3210, 3220, 3230, 3240, 3250, 3260, 3260, 3270, 3280, 3290, 3300, 3301, 3310, 3320, 3330, 3331, 3340, 3350, 3360, 3360, 3370, 3371, 3380, 3390, 3390, 3400, 3410, 3410, 3420, 3421, 3430, 3440, 3441, 3450, 3460, 3470, 3470, 3480, 3490, 3500, 3510, 3520, 3521, 3531, 3541, 3551, 3560, 3570, 3580, 3590, 3600, 3610, 3620, 3630, 3640, 3650, 3660, 3670, 3680, 3680, 3690, 3700, 3710, 3720, 3720, 3730, 3740, 3750, 3760, 3760, 3770, 3780, 3790, 3800, 3810, 3811, 3821, 3840, 3850, 3860, 3880, 3910, 3940, 3990, 4050, 4130, 4240, 4420, 4850, 6810, 18530, 5041006]
write_lats: vec100: [3750, 4310, 4391, 4441, 4480, 4510, 4540, 4571, 4600, 4630, 4660, 4690, 4720, 4740, 4770, 4800, 4830, 4850, 4880, 4900, 4930, 4951, 4980, 5000, 5020, 5040, 5050, 5070, 5090, 5100, 5120, 5130, 5141, 5160, 5170, 5180, 5191, 5210, 5220, 5230, 5240, 5250, 5260, 5270, 5280, 5291, 5301, 5320, 5330, 5340, 5350, 5360, 5370, 5380, 5390, 5400, 5410, 5421, 5431, 5450, 5460, 5470, 5480, 5490, 5510, 5520, 5530, 5540, 5560, 5570, 5580, 5591, 5610, 5620, 5640, 5650, 5661, 5680, 5700, 5710, 5730, 5750, 5770, 5790, 5810, 5830, 5860, 5880, 5910, 5940, 5970, 6010, 6050, 6100, 6150, 6220, 6300, 6410, 6590, 6850, 11780, 560704]
                 avg          P99       P99.99         P100
Read         3.62μs      6.82μs     16.28μs       5.04ms
Write         5.36μs      6.85μs     11.78μs    560.70μs

=== bench_out1.dat ===
Monster: conflicts=19, sync_failures=301403, empty_requests=0, try_overtime=100474, check_overtime=100474, replicate_overtime=100455
Ops: 2010000  Time: 8.06s  Throughput: 249409.94 ops/sec
Dirty reads: 1 / 1909534 (0.000%)
  Dirty read avg latency: 1.32ms
read_lats: vec100: [2360, 3110, 3121, 3140, 3150, 3160, 3170, 3180, 3181, 3190, 3200, 3210, 3220, 3230, 3240, 3240, 3250, 3260, 3270, 3280, 3280, 3290, 3300, 3310, 3310, 3320, 3330, 3330, 3340, 3350, 3350, 3360, 3370, 3370, 3380, 3381, 3390, 3400, 3400, 3410, 3420, 3420, 3430, 3440, 3450, 3450, 3460, 3470, 3480, 3490, 3491, 3500, 3510, 3520, 3531, 3541, 3560, 3570, 3580, 3590, 3600, 3610, 3620, 3630, 3640, 3650, 3651, 3660, 3670, 3680, 3690, 3700, 3710, 3720, 3720, 3730, 3740, 3750, 3760, 3770, 3771, 3780, 3790, 3800, 3810, 3820, 3830, 3840, 3860, 3870, 3890, 3920, 3960, 4010, 4070, 4151, 4270, 4440, 4870, 6860, 20100, 4759499]
write_lats: vec100: [3780, 4330, 4410, 4460, 4500, 4530, 4560, 4590, 4620, 4650, 4680, 4710, 4740, 4770, 4800, 4821, 4850, 4880, 4910, 4931, 4960, 4981, 5010, 5030, 5050, 5070, 5090, 5110, 5130, 5150, 5170, 5180, 5200, 5210, 5230, 5240, 5251, 5270, 5280, 5291, 5310, 5320, 5330, 5340, 5360, 5370, 5380, 5390, 5401, 5420, 5430, 5440, 5450, 5461, 5480, 5490, 5500, 5510, 5530, 5540, 5550, 5560, 5571, 5590, 5600, 5610, 5621, 5640, 5650, 5661, 5680, 5690, 5710, 5720, 5740, 5750, 5770, 5780, 5800, 5820, 5840, 5851, 5871, 5900, 5920, 5940, 5961, 5990, 6020, 6050, 6080, 6120, 6160, 6210, 6261, 6330, 6420, 6540, 6720, 7010, 9810, 7852075]
                 avg          P99       P99.99         P100
Read         3.61μs      6.86μs     16.08μs       4.76ms
Write         5.51μs      7.04μs     18.62μs       7.85ms

=== bench_out2.dat ===
Monster: conflicts=29, sync_failures=302203, empty_requests=0, try_overtime=100744, check_overtime=100744, replicate_overtime=100715
Ops: 2010000  Time: 8.10s  Throughput: 248144.13 ops/sec
Dirty reads: 1 / 1909278 (0.000%)
  Dirty read avg latency: 1.43ms
read_lats: vec100: [2030, 3131, 3150, 3160, 3170, 3180, 3190, 3200, 3210, 3211, 3220, 3230, 3240, 3250, 3260, 3270, 3280, 3290, 3291, 3300, 3310, 3320, 3330, 3330, 3340, 3350, 3351, 3360, 3370, 3371, 3380, 3390, 3391, 3400, 3410, 3410, 3420, 3430, 3430, 3440, 3450, 3450, 3460, 3470, 3471, 3480, 3490, 3500, 3510, 3520, 3521, 3530, 3540, 3550, 3560, 3570, 3580, 3590, 3600, 3610, 3620, 3630, 3640, 3650, 3660, 3660, 3670, 3680, 3690, 3700, 3700, 3710, 3720, 3730, 3730, 3740, 3750, 3760, 3760, 3770, 3780, 3790, 3800, 3800, 3810, 3820, 3830, 3840, 3860, 3870, 3890, 3920, 3950, 4000, 4060, 4140, 4260, 4430, 4870, 6920, 18881, 7914847]
write_lats: vec100: [3880, 4310, 4391, 4440, 4471, 4510, 4540, 4570, 4600, 4630, 4660, 4681, 4710, 4740, 4770, 4790, 4820, 4840, 4870, 4890, 4910, 4931, 4960, 4971, 4990, 5010, 5030, 5040, 5060, 5071, 5090, 5100, 5120, 5130, 5141, 5160, 5170, 5180, 5190, 5200, 5211, 5230, 5240, 5250, 5260, 5270, 5280, 5291, 5310, 5320, 5330, 5340, 5350, 5360, 5370, 5380, 5391, 5410, 5420, 5430, 5440, 5450, 5461, 5480, 5490, 5500, 5510, 5530, 5540, 5550, 5570, 5580, 5591, 5610, 5630, 5640, 5660, 5670, 5690, 5701, 5720, 5740, 5760, 5780, 5800, 5830, 5850, 5880, 5901, 5931, 5970, 6000, 6040, 6090, 6140, 6210, 6290, 6391, 6560, 6850, 16890, 56802]
                 avg          P99       P99.99         P100
Read         3.63μs      6.93μs     16.40μs       7.91ms
Write         5.35μs      6.86μs     20.43μs     56.80μs

=== bench_out3.dat ===
Monster: conflicts=59, sync_failures=301861, empty_requests=0, try_overtime=100640, check_overtime=100640, replicate_overtime=100581
Ops: 2010000  Time: 8.10s  Throughput: 248130.33 ops/sec
Dirty reads: 1 / 1909400 (0.000%)
  Dirty read avg latency: 1.39ms
read_lats: vec100: [2250, 3070, 3140, 3150, 3160, 3170, 3180, 3190, 3200, 3210, 3220, 3230, 3240, 3250, 3250, 3260, 3270, 3280, 3290, 3300, 3310, 3310, 3320, 3330, 3340, 3341, 3350, 3360, 3370, 3370, 3380, 3390, 3390, 3400, 3410, 3410, 3420, 3430, 3430, 3440, 3450, 3451, 3460, 3470, 3480, 3490, 3491, 3500, 3510, 3520, 3530, 3540, 3550, 3560, 3570, 3580, 3590, 3600, 3610, 3620, 3630, 3640, 3650, 3660, 3670, 3671, 3680, 3690, 3700, 3710, 3710, 3720, 3730, 3740, 3740, 3750, 3760, 3770, 3770, 3780, 3790, 3791, 3800, 3810, 3820, 3830, 3840, 3850, 3860, 3880, 3900, 3930, 3960, 4010, 4070, 4150, 4260, 4421, 4850, 6750, 4630735]
write_lats: vec100: [3900, 4360, 4430, 4480, 4510, 4541, 4580, 4601, 4640, 4660, 4690, 4720, 4741, 4770, 4790, 4820, 4841, 4870, 4900, 4920, 4941, 4970, 4990, 5010, 5030, 5050, 5070, 5080, 5100, 5120, 5130, 5150, 5160, 5180, 5190, 5200, 5210, 5230, 5240, 5250, 5260, 5280, 5290, 5300, 5310, 5320, 5331, 5350, 5360, 5370, 5380, 5390, 5400, 5411, 5430, 5440, 5450, 5460, 5470, 5490, 5500, 5510, 5520, 5531, 5550, 5560, 5570, 5590, 5600, 5610, 5630, 5640, 5660, 5670, 5690, 5700, 5720, 5731, 5750, 5770, 5790, 5801, 5821, 5841, 5870, 5890, 5920, 5940, 5970, 6000, 6040, 6071, 6120, 6160, 6220, 6281, 6370, 6480, 6650, 6970, 7892067]
                 avg          P99       P99.99         P100
Read         3.63μs      6.75μs     16.07μs       4.63ms
Write         5.48μs      6.97μs     20.31μs       7.89ms

=== bench_out4.dat ===
Monster: conflicts=78, sync_failures=302238, empty_requests=0, try_overtime=100772, check_overtime=100772, replicate_overtime=100694
Ops: 2010000  Time: 8.05s  Throughput: 249621.31 ops/sec
Dirty reads: 1 / 1909277 (0.000%)
  Dirty read avg latency: 1.42ms
read_lats: vec100: [2300, 2940, 3020, 3070, 3100, 3130, 3140, 3151, 3161, 3170, 3180, 3190, 3200, 3210, 3220, 3230, 3240, 3250, 3260, 3261, 3270, 3280, 3290, 3300, 3310, 3320, 3330, 3330, 3340, 3350, 3360, 3361, 3370, 3380, 3390, 3390, 3400, 3410, 3420, 3420, 3430, 3440, 3450, 3450, 3460, 3470, 3480, 3490, 3491, 3500, 3510, 3520, 3530, 3540, 3550, 3560, 3570, 3580, 3590, 3600, 3610, 3620, 3630, 3640, 3650, 3660, 3670, 3680, 3681, 3690, 3700, 3710, 3720, 3730, 3730, 3740, 3750, 3760, 3770, 3780, 3780, 3790, 3800, 3810, 3820, 3830, 3840, 3851, 3870, 3890, 3910, 3940, 3980, 4020, 4080, 4160, 4271, 4450, 4880, 6800, 18861, 2879792]
write_lats: vec100: [3870, 4310, 4380, 4430, 4460, 4490, 4511, 4540, 4560, 4590, 4610, 4630, 4650, 4671, 4700, 4720, 4740, 4760, 4771, 4791, 4820, 4840, 4860, 4880, 4891, 4911, 4931, 4950, 4970, 4990, 5010, 5030, 5050, 5060, 5080, 5091, 5110, 5130, 5140, 5160, 5170, 5190, 5200, 5210, 5230, 5240, 5250, 5270, 5280, 5290, 5301, 5320, 5330, 5340, 5360, 5370, 5380, 5400, 5410, 5420, 5431, 5450, 5460, 5480, 5490, 5500, 5520, 5530, 5550, 5560, 5580, 5590, 5610, 5621, 5640, 5660, 5680, 5690, 5710, 5730, 5750, 5770, 5790, 5810, 5840, 5860, 5890, 5920, 5950, 5980, 6020, 6050, 6100, 6140, 6200, 6270, 6350, 6461, 6630, 6940, 15170, 8286607]
                 avg          P99       P99.99         P100
Read         3.61μs      6.81μs     16.28μs       2.88ms
Write         5.41μs      6.95μs     16.47μs       8.29ms

=== bench_out5.dat ===
Monster: conflicts=88, sync_failures=301937, empty_requests=0, try_overtime=100675, check_overtime=100675, replicate_overtime=100587
Ops: 2010000  Time: 8.05s  Throughput: 249812.38 ops/sec
Dirty reads: 1 / 1909388 (0.000%)
  Dirty read avg latency: 1.25ms
read_lats: vec100: [2170, 2940, 3020, 3080, 3110, 3130, 3141, 3151, 3160, 3170, 3180, 3190, 3200, 3210, 3220, 3230, 3230, 3240, 3250, 3260, 3270, 3280, 3280, 3290, 3300, 3310, 3320, 3321, 3330, 3340, 3350, 3351, 3360, 3370, 3380, 3380, 3390, 3400, 3400, 3410, 3420, 3421, 3430, 3440, 3450, 3451, 3460, 3470, 3480, 3490, 3500, 3501, 3511, 3520, 3530, 3541, 3551, 3561, 3580, 3590, 3600, 3610, 3620, 3630, 3640, 3650, 3660, 3670, 3670, 3680, 3690, 3700, 3710, 3720, 3730, 3730, 3740, 3750, 3760, 3770, 3771, 3780, 3790, 3800, 3810, 3820, 3830, 3840, 3860, 3870, 3890, 3920, 3960, 4001, 4070, 4140, 4251, 4420, 4860, 6960, 18380, 7950039]
write_lats: vec100: [3710, 4290, 4360, 4410, 4450, 4480, 4510, 4531, 4560, 4580, 4600, 4621, 4650, 4670, 4690, 4710, 4730, 4750, 4770, 4790, 4810, 4830, 4851, 4871, 4891, 4911, 4931, 4951, 4980, 4991, 5010, 5030, 5050, 5070, 5090, 5100, 5120, 5130, 5150, 5161, 5180, 5191, 5210, 5221, 5240, 5250, 5270, 5280, 5290, 5310, 5320, 5331, 5350, 5360, 5371, 5390, 5400, 5420, 5430, 5440, 5460, 5470, 5480, 5500, 5510, 5530, 5540, 5560, 5570, 5590, 5600, 5620, 5630, 5650, 5670, 5681, 5700, 5720, 5740, 5760, 5780, 5800, 5820, 5840, 5861, 5890, 5920, 5941, 5971, 6010, 6040, 6080, 6121, 6170, 6230, 6300, 6380, 6490, 6660, 6990, 16870, 23081]
                 avg          P99       P99.99         P100
Read         3.61μs      6.97μs     16.22μs       7.95ms
Write         5.34μs      6.99μs     17.38μs     23.08μs

=== bench_out6.dat ===
Monster: conflicts=138, sync_failures=302238, empty_requests=0, try_overtime=100792, check_overtime=100792, replicate_overtime=100654
Ops: 2010000  Time: 8.19s  Throughput: 245356.88 ops/sec
Dirty reads: 1 / 1909306 (0.000%)
  Dirty read avg latency: 1.41ms
read_lats: vec100: [2030, 3090, 3121, 3140, 3160, 3180, 3190, 3210, 3220, 3230, 3250, 3260, 3270, 3280, 3291, 3310, 3320, 3330, 3340, 3350, 3360, 3370, 3370, 3380, 3390, 3400, 3410, 3410, 3420, 3430, 3440, 3450, 3450, 3460, 3470, 3480, 3490, 3500, 3510, 3520, 3521, 3530, 3540, 3550, 3560, 3570, 3580, 3590, 3600, 3601, 3610, 3620, 3630, 3640, 3641, 3650, 3660, 3670, 3670, 3680, 3690, 3700, 3700, 3710, 3720, 3720, 3730, 3740, 3740, 3750, 3760, 3760, 3770, 3780, 3780, 3790, 3800, 3801, 3810, 3820, 3830, 3840, 3850, 3860, 3870, 3880, 3900, 3920, 3940, 3960, 3990, 4030, 4070, 4120, 4180, 4270, 4380, 4550, 5000, 6990, 30381, 7981699]
write_lats: vec100: [3831, 4290, 4370, 4420, 4451, 4481, 4510, 4540, 4560, 4590, 4610, 4630, 4650, 4671, 4700, 4720, 4740, 4760, 4780, 4800, 4820, 4840, 4860, 4880, 4900, 4920, 4940, 4960, 4980, 5000, 5020, 5040, 5060, 5080, 5091, 5110, 5130, 5141, 5160, 5180, 5190, 5201, 5220, 5230, 5250, 5260, 5270, 5290, 5300, 5310, 5330, 5340, 5350, 5360, 5380, 5390, 5400, 5420, 5430, 5440, 5451, 5470, 5480, 5491, 5510, 5520, 5531, 5550, 5560, 5580, 5590, 5610, 5621, 5640, 5660, 5670, 5690, 5710, 5730, 5741, 5761, 5781, 5810, 5830, 5851, 5880, 5910, 5931, 5960, 6000, 6030, 6070, 6111, 6161, 6220, 6281, 6370, 6480, 6641, 6960, 13280, 30271]
                 avg          P99       P99.99         P100
Read         3.69μs      6.99μs     16.24μs       7.98ms
Write         5.35μs      7.00μs     18.38μs     30.27μs

=== bench_out7.dat ===
Monster: conflicts=160, sync_failures=302156, empty_requests=0, try_overtime=100772, check_overtime=100772, replicate_overtime=100612
Ops: 2010000  Time: 8.11s  Throughput: 247757.93 ops/sec
Dirty reads: 1 / 1909351 (0.000%)
  Dirty read avg latency: 1.35ms
read_lats: vec100: [2230, 3010, 3110, 3130, 3150, 3160, 3170, 3180, 3190, 3200, 3210, 3220, 3230, 3240, 3250, 3260, 3270, 3271, 3280, 3290, 3300, 3310, 3320, 3321, 3330, 3340, 3350, 3360, 3360, 3370, 3380, 3381, 3390, 3400, 3410, 3410, 3420, 3430, 3431, 3440, 3450, 3460, 3461, 3470, 3480, 3490, 3500, 3510, 3520, 3530, 3540, 3550, 3560, 3570, 3580, 3590, 3600, 3610, 3620, 3630, 3640, 3641, 3650, 3660, 3670, 3680, 3690, 3700, 3701, 3710, 3720, 3730, 3731, 3740, 3750, 3760, 3760, 3770, 3780, 3790, 3790, 3800, 3810, 3820, 3830, 3840, 3850, 3860, 3880, 3900, 3920, 3950, 3990, 4040, 4110, 4180, 4300, 4460, 4920, 6950, 19690, 4667156]
write_lats: vec100: [3670, 4271, 4360, 4410, 4450, 4480, 4500, 4530, 4550, 4580, 4600, 4620, 4640, 4660, 4690, 4710, 4730, 4750, 4770, 4790, 4810, 4830, 4850, 4870, 4890, 4910, 4930, 4941, 4960, 4980, 5000, 5020, 5040, 5051, 5070, 5090, 5100, 5120, 5131, 5150, 5160, 5180, 5190, 5210, 5220, 5230, 5250, 5260, 5271, 5290, 5300, 5310, 5330, 5340, 5350, 5361, 5380, 5390, 5410, 5420, 5430, 5441, 5460, 5470, 5481, 5500, 5510, 5530, 5540, 5560, 5570, 5590, 5600, 5620, 5631, 5650, 5670, 5690, 5710, 5721, 5750, 5770, 5790, 5810, 5830, 5860, 5881, 5910, 5940, 5970, 6010, 6050, 6090, 6140, 6200, 6270, 6341, 6460, 6630, 6950, 14810, 28261]
                 avg          P99       P99.99         P100
Read         3.64μs      6.96μs     16.25μs       4.67ms
Write         5.33μs      6.97μs     18.47μs     28.26μs

=== bench_out8.dat ===
Monster: conflicts=204, sync_failures=301218, empty_requests=0, try_overtime=100474, check_overtime=100474, replicate_overtime=100270
Ops: 2010000  Time: 7.71s  Throughput: 260669.89 ops/sec
Dirty reads: 1 / 1909685 (0.000%)
  Dirty read avg latency: 1.48ms
read_lats: vec100: [2150, 2880, 2900, 2920, 2940, 2960, 2981, 3000, 3020, 3040, 3050, 3060, 3070, 3080, 3090, 3100, 3110, 3110, 3120, 3130, 3130, 3140, 3140, 3150, 3150, 3160, 3160, 3170, 3170, 3180, 3180, 3190, 3190, 3200, 3200, 3210, 3210, 3220, 3220, 3230, 3230, 3240, 3240, 3250, 3251, 3260, 3270, 3270, 3280, 3290, 3290, 3300, 3310, 3310, 3320, 3330, 3330, 3340, 3350, 3360, 3361, 3370, 3380, 3390, 3400, 3401, 3410, 3420, 3430, 3440, 3450, 3460, 3470, 3480, 3500, 3510, 3521, 3540, 3560, 3580, 3600, 3620, 3631, 3650, 3670, 3690, 3710, 3730, 3750, 3770, 3781, 3800, 3830, 3851, 3900, 3970, 4081, 4280, 4720, 6800, 18580, 7957149]
write_lats: vec100: [3840, 4310, 4390, 4431, 4470, 4491, 4520, 4550, 4570, 4590, 4620, 4640, 4660, 4680, 4700, 4720, 4740, 4760, 4780, 4800, 4820, 4840, 4860, 4880, 4900, 4920, 4940, 4960, 4980, 5000, 5011, 5031, 5050, 5070, 5090, 5110, 5121, 5140, 5160, 5170, 5190, 5200, 5220, 5230, 5241, 5260, 5270, 5290, 5300, 5310, 5330, 5340, 5351, 5370, 5380, 5391, 5410, 5420, 5431, 5450, 5460, 5470, 5490, 5500, 5511, 5530, 5541, 5560, 5570, 5590, 5600, 5620, 5631, 5650, 5670, 5681, 5700, 5720, 5740, 5760, 5780, 5791, 5820, 5840, 5860, 5890, 5911, 5940, 5970, 6000, 6040, 6071, 6120, 6170, 6230, 6291, 6380, 6490, 6680, 7030, 17491, 4738588]
                 avg          P99       P99.99         P100
Read         3.43μs      6.81μs     16.26μs       7.96ms
Write         5.40μs      7.04μs     18.71μs       4.74ms

Average throughput across all outputs: 249711.11
Average read latency across all outputs: 3.61 us
Average write latency across all outputs: 5.39 us
