Date: 20260519_1625
YCSB workload: workloadb_1024_medium

============= RepCXL configuration =============
processes = "0-8"
logger_cluster_size = 3
algorithm = "async_best_effort"
pipeline = false
round_time = 1300 
read_retries = 10
core_affinity = "20-120" 
============= Benchmark Results =============

=== bench_out0.dat ===
Ops: 2010000  Time: 7.73s  Throughput: 259875.91 ops/sec
Dirty reads: 107 / 1909289 (0.006%)
  Dirty read avg latency: 1.52ms
read_lats: vec100: [2200, 2950, 2970, 2991, 3020, 3040, 3060, 3080, 3100, 3110, 3120, 3130, 3140, 3150, 3151, 3160, 3170, 3170, 3180, 3190, 3190, 3200, 3200, 3210, 3210, 3220, 3220, 3230, 3230, 3240, 3240, 3250, 3260, 3260, 3270, 3270, 3280, 3281, 3290, 3300, 3300, 3310, 3320, 3321, 3330, 3340, 3350, 3350, 3360, 3370, 3380, 3380, 3390, 3400, 3410, 3420, 3420, 3430, 3440, 3450, 3460, 3460, 3470, 3480, 3490, 3500, 3510, 3520, 3530, 3540, 3550, 3570, 3580, 3590, 3610, 3620, 3640, 3650, 3660, 3680, 3690, 3700, 3720, 3730, 3740, 3750, 3770, 3780, 3791, 3810, 3830, 3850, 3880, 3910, 3970, 4050, 4161, 4350, 4830, 6931, 946384, 5061756]
write_lats: vec100: [1200, 1370, 1440, 1470, 1500, 1520, 1550, 1580, 1610, 1640, 1660, 1690, 1710, 1740, 1760, 1780, 1810, 1840, 1861, 1890, 1920, 1950, 1980, 2000, 2020, 2040, 2060, 2080, 2090, 2110, 2130, 2140, 2150, 2170, 2180, 2190, 2200, 2210, 2220, 2230, 2241, 2260, 2270, 2280, 2290, 2300, 2310, 2320, 2330, 2340, 2350, 2360, 2370, 2380, 2390, 2400, 2410, 2420, 2430, 2440, 2450, 2461, 2480, 2490, 2500, 2510, 2520, 2530, 2550, 2560, 2570, 2580, 2600, 2610, 2630, 2640, 2651, 2670, 2681, 2700, 2720, 2740, 2760, 2780, 2800, 2820, 2840, 2870, 2900, 2921, 2960, 2990, 3030, 3080, 3130, 3190, 3280, 3390, 3550, 3831, 7701, 9430]
                 avg          P99       P99.99         P100
Read         3.60μs      6.95μs     19.49μs       5.06ms
Write         2.35μs      3.84μs      7.70μs      9.43μs

=== bench_out1.dat ===
Ops: 2010000  Time: 7.63s  Throughput: 263462.34 ops/sec
Dirty reads: 91 / 1909534 (0.005%)
  Dirty read avg latency: 1.60ms
read_lats: vec100: [2160, 2940, 2950, 2970, 2991, 3020, 3040, 3051, 3070, 3080, 3100, 3110, 3120, 3120, 3130, 3140, 3150, 3150, 3160, 3160, 3170, 3170, 3180, 3180, 3190, 3190, 3200, 3200, 3210, 3210, 3220, 3220, 3230, 3230, 3240, 3241, 3250, 3260, 3260, 3270, 3270, 3280, 3280, 3290, 3291, 3300, 3310, 3311, 3320, 3330, 3331, 3340, 3350, 3360, 3360, 3370, 3380, 3390, 3390, 3400, 3410, 3420, 3421, 3430, 3440, 3450, 3460, 3470, 3480, 3490, 3500, 3510, 3520, 3530, 3541, 3560, 3570, 3590, 3600, 3620, 3640, 3650, 3670, 3680, 3700, 3710, 3730, 3741, 3760, 3780, 3800, 3811, 3840, 3870, 3920, 3991, 4110, 4300, 4780, 6881, 2033860, 7849684]
write_lats: vec100: [1210, 1370, 1430, 1470, 1500, 1521, 1550, 1580, 1610, 1640, 1660, 1690, 1710, 1740, 1760, 1780, 1810, 1830, 1860, 1880, 1910, 1930, 1960, 1980, 2000, 2020, 2040, 2060, 2070, 2090, 2110, 2120, 2131, 2150, 2160, 2170, 2190, 2200, 2210, 2220, 2230, 2240, 2251, 2270, 2280, 2290, 2300, 2310, 2320, 2330, 2340, 2350, 2360, 2370, 2380, 2391, 2410, 2420, 2430, 2440, 2450, 2460, 2470, 2481, 2500, 2510, 2520, 2530, 2550, 2560, 2570, 2590, 2600, 2610, 2630, 2640, 2660, 2670, 2690, 2710, 2720, 2740, 2760, 2780, 2800, 2820, 2850, 2870, 2900, 2930, 2960, 3000, 3040, 3080, 3130, 3190, 3280, 3380, 3550, 3811, 5580, 22850]
                 avg          P99       P99.99         P100
Read         3.55μs      6.89μs     19.21μs       7.85ms
Write         2.35μs      3.84μs      7.63μs     22.85μs

=== bench_out2.dat ===
Ops: 2010000  Time: 8.04s  Throughput: 249929.58 ops/sec
Dirty reads: 97 / 1909278 (0.005%)
  Dirty read avg latency: 1.54ms
read_lats: vec100: [2180, 3170, 3180, 3190, 3200, 3210, 3220, 3230, 3240, 3250, 3260, 3270, 3281, 3300, 3310, 3320, 3330, 3331, 3340, 3350, 3360, 3370, 3371, 3380, 3390, 3400, 3400, 3410, 3420, 3420, 3430, 3440, 3440, 3450, 3460, 3460, 3470, 3480, 3490, 3490, 3500, 3510, 3520, 3520, 3530, 3540, 3550, 3560, 3561, 3570, 3580, 3590, 3600, 3610, 3620, 3620, 3630, 3640, 3650, 3660, 3660, 3670, 3680, 3681, 3690, 3700, 3710, 3710, 3720, 3730, 3730, 3740, 3750, 3750, 3760, 3770, 3770, 3780, 3790, 3791, 3800, 3810, 3820, 3830, 3840, 3850, 3860, 3870, 3881, 3900, 3930, 3951, 3990, 4040, 4100, 4180, 4300, 4490, 4990, 7150, 972284, 7892415]
write_lats: vec100: [1190, 1360, 1420, 1470, 1490, 1520, 1550, 1570, 1600, 1630, 1660, 1680, 1710, 1730, 1750, 1770, 1800, 1820, 1850, 1880, 1910, 1930, 1960, 1990, 2010, 2030, 2050, 2070, 2090, 2101, 2120, 2140, 2150, 2160, 2180, 2190, 2200, 2210, 2220, 2240, 2250, 2260, 2270, 2280, 2290, 2300, 2310, 2320, 2330, 2340, 2350, 2360, 2370, 2381, 2400, 2410, 2420, 2430, 2440, 2450, 2460, 2470, 2490, 2500, 2510, 2520, 2530, 2541, 2560, 2570, 2580, 2600, 2610, 2620, 2640, 2650, 2670, 2680, 2700, 2720, 2730, 2750, 2770, 2790, 2810, 2840, 2860, 2881, 2910, 2940, 2970, 3010, 3050, 3090, 3150, 3210, 3300, 3410, 3571, 3850, 6741, 21330]
                 avg          P99       P99.99         P100
Read         3.76μs      7.16μs     19.71μs       7.89ms
Write         2.36μs      3.86μs      7.69μs     21.33μs

=== bench_out3.dat ===
Ops: 2010000  Time: 7.68s  Throughput: 261620.16 ops/sec
Dirty reads: 100 / 1909400 (0.005%)
  Dirty read avg latency: 1.59ms
read_lats: vec100: [2220, 2940, 2960, 2980, 3000, 3030, 3050, 3070, 3080, 3091, 3110, 3120, 3130, 3130, 3140, 3150, 3150, 3160, 3170, 3170, 3180, 3180, 3190, 3190, 3200, 3200, 3210, 3210, 3220, 3221, 3230, 3240, 3240, 3250, 3250, 3260, 3260, 3270, 3271, 3280, 3290, 3290, 3300, 3310, 3310, 3320, 3330, 3331, 3340, 3350, 3360, 3360, 3370, 3380, 3390, 3390, 3400, 3410, 3420, 3421, 3430, 3440, 3450, 3460, 3470, 3480, 3490, 3491, 3510, 3520, 3530, 3540, 3550, 3570, 3580, 3600, 3610, 3630, 3640, 3651, 3670, 3680, 3700, 3710, 3730, 3740, 3751, 3770, 3781, 3800, 3820, 3840, 3870, 3900, 3960, 4040, 4150, 4340, 4800, 6830, 4683726]
write_lats: vec100: [1180, 1370, 1431, 1470, 1500, 1520, 1550, 1580, 1610, 1640, 1670, 1690, 1710, 1740, 1760, 1780, 1810, 1830, 1860, 1890, 1910, 1940, 1960, 1980, 2001, 2020, 2040, 2060, 2080, 2090, 2110, 2120, 2140, 2150, 2160, 2170, 2180, 2200, 2210, 2220, 2230, 2240, 2250, 2260, 2270, 2280, 2290, 2300, 2310, 2320, 2330, 2341, 2360, 2370, 2380, 2390, 2400, 2410, 2420, 2430, 2440, 2450, 2470, 2480, 2490, 2500, 2510, 2521, 2540, 2550, 2560, 2580, 2590, 2600, 2620, 2630, 2650, 2660, 2680, 2700, 2720, 2740, 2760, 2780, 2800, 2820, 2840, 2870, 2900, 2920, 2960, 2990, 3030, 3080, 3130, 3190, 3280, 3400, 3570, 3860, 9210]
                 avg          P99       P99.99         P100
Read         3.57μs      6.83μs     19.50μs       4.68ms
Write         2.35μs      3.86μs      7.30μs      9.21μs

=== bench_out4.dat ===
Ops: 2010000  Time: 7.72s  Throughput: 260493.65 ops/sec
Dirty reads: 101 / 1909277 (0.005%)
  Dirty read avg latency: 1.54ms
read_lats: vec100: [2090, 2930, 2960, 2980, 3010, 3030, 3050, 3070, 3090, 3100, 3110, 3120, 3130, 3140, 3150, 3150, 3160, 3170, 3170, 3180, 3180, 3190, 3200, 3200, 3210, 3210, 3220, 3220, 3230, 3231, 3240, 3250, 3250, 3260, 3260, 3270, 3280, 3280, 3290, 3291, 3300, 3310, 3311, 3320, 3330, 3340, 3340, 3350, 3360, 3370, 3370, 3380, 3390, 3400, 3410, 3410, 3420, 3430, 3440, 3450, 3460, 3460, 3470, 3480, 3490, 3500, 3510, 3530, 3540, 3550, 3560, 3580, 3590, 3600, 3620, 3630, 3650, 3660, 3670, 3690, 3700, 3710, 3730, 3740, 3750, 3770, 3780, 3800, 3810, 3830, 3850, 3870, 3910, 3951, 4020, 4100, 4220, 4400, 4881, 7010, 1211570, 7948617]
write_lats: vec100: [1210, 1340, 1400, 1430, 1460, 1480, 1500, 1520, 1540, 1560, 1580, 1600, 1611, 1630, 1650, 1670, 1690, 1700, 1720, 1740, 1760, 1780, 1790, 1810, 1830, 1850, 1880, 1900, 1920, 1940, 1960, 1980, 2000, 2020, 2040, 2060, 2070, 2090, 2110, 2120, 2140, 2150, 2161, 2180, 2190, 2210, 2220, 2230, 2240, 2260, 2270, 2280, 2290, 2300, 2320, 2330, 2340, 2350, 2370, 2380, 2390, 2400, 2420, 2430, 2440, 2450, 2470, 2480, 2500, 2510, 2520, 2540, 2550, 2570, 2581, 2600, 2620, 2640, 2650, 2670, 2690, 2710, 2730, 2750, 2780, 2800, 2830, 2850, 2880, 2910, 2950, 2990, 3030, 3070, 3130, 3190, 3270, 3380, 3540, 3810, 6390, 18310]
                 avg          P99       P99.99         P100
Read         3.60μs      7.02μs     19.35μs       7.95ms
Write         2.28μs      3.82μs      7.19μs     18.31μs

=== bench_out5.dat ===
Ops: 2010000  Time: 7.70s  Throughput: 260993.92 ops/sec
Dirty reads: 107 / 1909388 (0.006%)
  Dirty read avg latency: 1.57ms
read_lats: vec100: [2080, 2930, 2950, 2980, 3000, 3030, 3050, 3060, 3080, 3090, 3100, 3110, 3120, 3130, 3140, 3150, 3150, 3160, 3161, 3170, 3180, 3180, 3190, 3190, 3200, 3201, 3210, 3220, 3220, 3230, 3230, 3240, 3240, 3250, 3250, 3260, 3261, 3270, 3280, 3280, 3290, 3291, 3300, 3310, 3311, 3320, 3330, 3340, 3340, 3350, 3360, 3370, 3370, 3380, 3390, 3400, 3401, 3410, 3420, 3430, 3440, 3450, 3451, 3460, 3470, 3480, 3490, 3500, 3511, 3530, 3540, 3550, 3570, 3580, 3590, 3610, 3620, 3640, 3650, 3670, 3680, 3700, 3710, 3720, 3740, 3750, 3770, 3780, 3800, 3810, 3830, 3850, 3880, 3920, 3981, 4070, 4181, 4370, 4870, 7110, 1145478, 7994218]
write_lats: vec100: [1200, 1340, 1400, 1440, 1460, 1480, 1500, 1520, 1540, 1560, 1580, 1600, 1620, 1640, 1660, 1670, 1690, 1710, 1730, 1740, 1760, 1780, 1800, 1820, 1840, 1860, 1880, 1900, 1920, 1940, 1960, 1980, 2000, 2020, 2040, 2060, 2071, 2090, 2110, 2120, 2140, 2150, 2161, 2180, 2190, 2201, 2220, 2230, 2240, 2250, 2270, 2280, 2290, 2300, 2310, 2321, 2340, 2350, 2360, 2370, 2381, 2400, 2410, 2420, 2440, 2450, 2460, 2480, 2490, 2510, 2520, 2540, 2550, 2570, 2580, 2600, 2611, 2630, 2650, 2670, 2690, 2710, 2730, 2750, 2770, 2800, 2821, 2850, 2880, 2910, 2950, 2980, 3020, 3070, 3130, 3190, 3270, 3390, 3550, 3830, 7160, 9450]
                 avg          P99       P99.99         P100
Read         3.59μs      7.12μs     20.03μs       7.99ms
Write         2.28μs      3.83μs      7.18μs      9.45μs

=== bench_out6.dat ===
Ops: 2010000  Time: 7.80s  Throughput: 257655.94 ops/sec
Dirty reads: 89 / 1909306 (0.005%)
  Dirty read avg latency: 1.64ms
read_lats: vec100: [2300, 2940, 2970, 3000, 3030, 3050, 3070, 3090, 3100, 3120, 3130, 3140, 3150, 3150, 3160, 3170, 3180, 3180, 3190, 3200, 3200, 3210, 3211, 3220, 3230, 3230, 3240, 3250, 3250, 3260, 3270, 3270, 3280, 3290, 3290, 3300, 3310, 3320, 3320, 3330, 3340, 3350, 3360, 3360, 3370, 3380, 3390, 3400, 3400, 3410, 3420, 3430, 3440, 3450, 3451, 3460, 3470, 3480, 3490, 3500, 3510, 3521, 3540, 3550, 3560, 3570, 3590, 3600, 3610, 3630, 3640, 3650, 3670, 3680, 3690, 3700, 3720, 3730, 3740, 3750, 3760, 3780, 3790, 3800, 3811, 3830, 3850, 3870, 3890, 3921, 3961, 4010, 4070, 4131, 4210, 4310, 4420, 4600, 5040, 7091, 2209114, 7967367]
write_lats: vec100: [1210, 1340, 1400, 1440, 1460, 1490, 1510, 1530, 1550, 1570, 1590, 1610, 1630, 1650, 1660, 1680, 1700, 1720, 1730, 1750, 1770, 1790, 1810, 1820, 1840, 1860, 1881, 1910, 1930, 1950, 1970, 1990, 2010, 2030, 2050, 2070, 2081, 2100, 2120, 2130, 2150, 2160, 2180, 2190, 2200, 2220, 2230, 2240, 2260, 2270, 2280, 2290, 2300, 2320, 2330, 2340, 2350, 2361, 2380, 2390, 2400, 2410, 2430, 2440, 2450, 2470, 2480, 2490, 2510, 2520, 2540, 2550, 2570, 2580, 2600, 2620, 2630, 2650, 2670, 2690, 2710, 2730, 2750, 2770, 2800, 2820, 2850, 2880, 2910, 2940, 2980, 3010, 3060, 3110, 3160, 3230, 3320, 3420, 3570, 3830, 4990, 8470]
                 avg          P99       P99.99         P100
Read         3.65μs      7.10μs     19.37μs       7.97ms
Write         2.29μs      3.87μs      7.13μs      8.47μs

=== bench_out7.dat ===
Ops: 2010000  Time: 7.97s  Throughput: 252225.73 ops/sec
Dirty reads: 95 / 1909351 (0.005%)
  Dirty read avg latency: 1.62ms
read_lats: vec100: [2210, 2970, 3040, 3090, 3120, 3150, 3160, 3170, 3180, 3190, 3200, 3210, 3220, 3230, 3240, 3250, 3260, 3270, 3280, 3290, 3300, 3301, 3310, 3320, 3330, 3340, 3350, 3360, 3370, 3370, 3380, 3390, 3400, 3401, 3410, 3420, 3430, 3431, 3440, 3450, 3460, 3470, 3470, 3480, 3490, 3500, 3510, 3511, 3520, 3530, 3540, 3550, 3560, 3570, 3580, 3590, 3600, 3610, 3620, 3630, 3640, 3650, 3650, 3660, 3670, 3680, 3690, 3700, 3700, 3710, 3720, 3730, 3740, 3740, 3750, 3760, 3770, 3771, 3780, 3790, 3800, 3810, 3820, 3830, 3840, 3850, 3860, 3880, 3890, 3911, 3940, 3980, 4020, 4070, 4130, 4220, 4340, 4520, 5020, 7131, 1895037, 7972247]
write_lats: vec100: [1210, 1340, 1400, 1431, 1460, 1480, 1500, 1520, 1540, 1560, 1580, 1600, 1620, 1640, 1660, 1670, 1690, 1710, 1730, 1740, 1760, 1780, 1790, 1810, 1830, 1850, 1870, 1891, 1920, 1940, 1960, 1980, 2000, 2011, 2030, 2050, 2070, 2080, 2100, 2111, 2130, 2140, 2160, 2170, 2180, 2191, 2210, 2220, 2230, 2250, 2260, 2270, 2280, 2290, 2300, 2310, 2330, 2340, 2350, 2360, 2370, 2381, 2400, 2410, 2420, 2431, 2450, 2460, 2471, 2490, 2500, 2520, 2530, 2550, 2560, 2580, 2600, 2610, 2630, 2650, 2670, 2690, 2710, 2730, 2760, 2780, 2810, 2830, 2860, 2900, 2930, 2970, 3010, 3060, 3110, 3180, 3260, 3360, 3520, 3780, 5860, 20431]
                 avg          P99       P99.99         P100
Read         3.73μs      7.14μs     19.29μs       7.97ms
Write         2.27μs      3.80μs      7.50μs     20.43μs

=== bench_out8.dat ===
Ops: 2010000  Time: 7.87s  Throughput: 255315.21 ops/sec
Dirty reads: 97 / 1909685 (0.005%)
  Dirty read avg latency: 1.61ms
read_lats: vec100: [2240, 2950, 2990, 3030, 3060, 3090, 3110, 3120, 3140, 3150, 3160, 3170, 3180, 3180, 3190, 3200, 3210, 3210, 3220, 3230, 3240, 3240, 3250, 3260, 3261, 3270, 3280, 3290, 3300, 3300, 3310, 3320, 3330, 3340, 3340, 3350, 3360, 3370, 3380, 3380, 3390, 3400, 3410, 3420, 3420, 3430, 3440, 3450, 3460, 3461, 3470, 3480, 3490, 3500, 3510, 3520, 3530, 3540, 3550, 3560, 3570, 3580, 3591, 3610, 3620, 3630, 3640, 3650, 3660, 3670, 3680, 3690, 3700, 3710, 3720, 3730, 3740, 3741, 3751, 3760, 3770, 3780, 3790, 3800, 3810, 3821, 3840, 3850, 3870, 3890, 3910, 3940, 3980, 4030, 4100, 4180, 4300, 4480, 5010, 7290, 863082, 8486510]
write_lats: vec100: [1210, 1340, 1400, 1440, 1460, 1490, 1501, 1520, 1541, 1570, 1590, 1601, 1620, 1640, 1660, 1680, 1690, 1710, 1730, 1741, 1760, 1780, 1800, 1820, 1840, 1860, 1880, 1900, 1930, 1950, 1970, 1990, 2010, 2020, 2040, 2060, 2080, 2100, 2110, 2130, 2140, 2160, 2170, 2180, 2200, 2210, 2220, 2231, 2250, 2260, 2270, 2280, 2300, 2310, 2320, 2330, 2340, 2350, 2370, 2380, 2390, 2400, 2410, 2430, 2440, 2450, 2470, 2480, 2491, 2510, 2520, 2540, 2550, 2570, 2580, 2600, 2620, 2630, 2650, 2670, 2690, 2710, 2730, 2750, 2771, 2800, 2830, 2850, 2880, 2910, 2941, 2980, 3021, 3070, 3130, 3190, 3280, 3390, 3551, 3840, 7220, 9881]
                 avg          P99       P99.99         P100
Read         3.68μs      7.31μs     19.66μs       8.49ms
Write         2.28μs      3.85μs      7.64μs      9.88μs

Average throughput across all outputs: 257953.33
Average read latency across all outputs: 3.64 us
Average write latency across all outputs: 2.31 us
