Date: 20260519_1619
YCSB workload: workloadb_128_medium

============= RepCXL configuration =============
processes = "0-8"
logger_cluster_size = 3
algorithm = "lock"
pipeline = false
round_time = 1300 
read_retries = 10
core_affinity = "20-120" 
============= Benchmark Results =============

=== bench_out0.dat ===
Ops: 2010000  Time: 9.72s  Throughput: 206762.91 ops/sec
Dirty reads: 0 / 1909810 (0.000%)
read_lats: vec100: [3130, 4160, 4200, 4240, 4330, 4390, 4390, 4400, 4400, 4410, 4410, 4410, 4411, 4420, 4420, 4420, 4421, 4430, 4430, 4430, 4430, 4431, 4440, 4440, 4440, 4440, 4441, 4450, 4450, 4450, 4450, 4451, 4460, 4460, 4460, 4460, 4461, 4470, 4470, 4470, 4470, 4480, 4480, 4480, 4490, 4490, 4491, 4500, 4510, 4510, 4520, 4521, 4530, 4540, 4541, 4550, 4560, 4560, 4570, 4580, 4580, 4590, 4600, 4601, 4610, 4620, 4630, 4640, 4650, 4651, 4660, 4670, 4680, 4680, 4690, 4691, 4700, 4710, 4711, 4720, 4730, 4740, 4750, 4760, 4770, 4780, 4791, 4810, 4821, 4840, 4860, 4881, 4910, 4931, 4961, 5000, 5050, 5130, 5300, 7080, 24031, 12377396]
write_lats: vec100: [2610, 3040, 3060, 3100, 3140, 3170, 3191, 3220, 3240, 3260, 3270, 3270, 3280, 3280, 3280, 3290, 3290, 3290, 3290, 3300, 3300, 3300, 3300, 3310, 3310, 3310, 3310, 3311, 3320, 3320, 3320, 3320, 3330, 3330, 3330, 3330, 3340, 3340, 3340, 3340, 3350, 3350, 3350, 3351, 3360, 3360, 3370, 3370, 3371, 3380, 3380, 3390, 3390, 3400, 3400, 3410, 3420, 3420, 3430, 3440, 3440, 3450, 3460, 3470, 3470, 3480, 3490, 3500, 3500, 3510, 3520, 3520, 3530, 3540, 3540, 3550, 3560, 3570, 3570, 3580, 3590, 3600, 3610, 3620, 3630, 3640, 3650, 3660, 3670, 3690, 3700, 3720, 3740, 3760, 3790, 3820, 3860, 3910, 4000, 4200, 6420, 12500]
                 avg          P99       P99.99         P100
Read         4.63μs      7.08μs     16.01μs      12.38ms
Write         3.45μs      4.25μs      8.02μs     12.50μs

=== bench_out1.dat ===
Ops: 2010000  Time: 9.68s  Throughput: 207583.41 ops/sec
Dirty reads: 0 / 1909523 (0.000%)
read_lats: vec100: [3130, 4160, 4190, 4210, 4250, 4320, 4380, 4390, 4400, 4400, 4410, 4410, 4410, 4411, 4420, 4420, 4420, 4421, 4430, 4430, 4430, 4430, 4440, 4440, 4440, 4440, 4440, 4450, 4450, 4450, 4450, 4450, 4451, 4460, 4460, 4460, 4460, 4461, 4470, 4470, 4470, 4471, 4480, 4480, 4480, 4490, 4490, 4500, 4500, 4510, 4511, 4520, 4530, 4531, 4540, 4550, 4550, 4560, 4570, 4570, 4580, 4590, 4591, 4600, 4610, 4620, 4630, 4640, 4640, 4650, 4660, 4670, 4670, 4680, 4690, 4690, 4700, 4710, 4710, 4720, 4730, 4740, 4741, 4751, 4770, 4780, 4790, 4810, 4820, 4840, 4860, 4880, 4910, 4931, 4961, 5000, 5050, 5130, 5300, 7060, 22281, 8088711]
write_lats: vec100: [2630, 3050, 3080, 3110, 3150, 3181, 3210, 3230, 3250, 3270, 3280, 3280, 3290, 3290, 3290, 3300, 3300, 3300, 3300, 3310, 3310, 3310, 3310, 3310, 3320, 3320, 3320, 3320, 3321, 3330, 3330, 3330, 3330, 3340, 3340, 3340, 3340, 3350, 3350, 3350, 3350, 3360, 3360, 3360, 3370, 3370, 3371, 3380, 3380, 3390, 3390, 3400, 3401, 3410, 3420, 3420, 3430, 3431, 3440, 3450, 3460, 3460, 3470, 3480, 3490, 3500, 3500, 3510, 3520, 3520, 3530, 3540, 3540, 3550, 3560, 3560, 3570, 3580, 3590, 3600, 3610, 3611, 3621, 3630, 3640, 3650, 3660, 3670, 3690, 3700, 3720, 3730, 3750, 3770, 3800, 3830, 3870, 3920, 4010, 4250, 6731, 17971]
                 avg          P99       P99.99         P100
Read         4.63μs      7.06μs     15.72μs       8.09ms
Write         3.46μs      4.29μs      9.90μs     17.97μs

=== bench_out2.dat ===
Ops: 2010000  Time: 9.73s  Throughput: 206566.35 ops/sec
Dirty reads: 0 / 1909776 (0.000%)
read_lats: vec100: [3140, 4190, 4210, 4230, 4270, 4350, 4410, 4420, 4430, 4430, 4430, 4440, 4440, 4440, 4440, 4440, 4450, 4450, 4450, 4450, 4450, 4451, 4460, 4460, 4460, 4460, 4460, 4460, 4470, 4470, 4470, 4470, 4470, 4470, 4480, 4480, 4480, 4480, 4480, 4490, 4490, 4490, 4490, 4500, 4500, 4501, 4510, 4510, 4520, 4530, 4530, 4540, 4550, 4550, 4560, 4570, 4570, 4580, 4590, 4590, 4600, 4610, 4610, 4620, 4630, 4640, 4650, 4660, 4660, 4670, 4680, 4690, 4690, 4700, 4710, 4710, 4720, 4730, 4730, 4740, 4750, 4751, 4760, 4770, 4781, 4800, 4810, 4830, 4840, 4860, 4880, 4900, 4930, 4950, 4980, 5020, 5070, 5140, 5310, 7090, 19611, 8087860]
write_lats: vec100: [2620, 3030, 3050, 3070, 3100, 3130, 3170, 3190, 3210, 3220, 3250, 3270, 3270, 3280, 3280, 3281, 3290, 3290, 3290, 3291, 3300, 3300, 3300, 3300, 3300, 3310, 3310, 3310, 3310, 3310, 3311, 3320, 3320, 3320, 3320, 3320, 3330, 3330, 3330, 3330, 3340, 3340, 3340, 3340, 3350, 3350, 3350, 3360, 3360, 3360, 3370, 3370, 3371, 3380, 3381, 3390, 3400, 3400, 3410, 3410, 3420, 3430, 3430, 3440, 3450, 3450, 3460, 3470, 3480, 3481, 3490, 3500, 3510, 3510, 3520, 3521, 3530, 3540, 3540, 3550, 3560, 3570, 3570, 3580, 3590, 3600, 3610, 3620, 3640, 3650, 3660, 3680, 3700, 3710, 3740, 3770, 3800, 3851, 3931, 4201, 7591, 228836]
                 avg          P99       P99.99         P100
Read         4.65μs      7.09μs     16.77μs       8.09ms
Write         3.43μs      4.22μs      9.61μs    228.84μs

=== bench_out3.dat ===
Ops: 2010000  Time: 9.70s  Throughput: 207160.58 ops/sec
Dirty reads: 0 / 1909507 (0.000%)
read_lats: vec100: [3120, 4170, 4191, 4220, 4300, 4390, 4400, 4410, 4410, 4420, 4420, 4420, 4420, 4430, 4430, 4430, 4430, 4430, 4430, 4440, 4440, 4440, 4440, 4440, 4440, 4441, 4450, 4450, 4450, 4450, 4450, 4451, 4460, 4460, 4460, 4460, 4460, 4461, 4470, 4470, 4470, 4471, 4480, 4480, 4481, 4490, 4490, 4500, 4510, 4510, 4520, 4530, 4530, 4540, 4550, 4550, 4560, 4561, 4570, 4580, 4581, 4590, 4600, 4610, 4611, 4620, 4630, 4640, 4650, 4660, 4661, 4670, 4680, 4681, 4690, 4700, 4701, 4710, 4720, 4720, 4730, 4740, 4750, 4760, 4770, 4780, 4800, 4810, 4830, 4840, 4860, 4890, 4910, 4940, 4970, 5000, 5050, 5130, 5291, 7071, 27411, 8026519]
write_lats: vec100: [2600, 3040, 3060, 3090, 3121, 3160, 3190, 3210, 3220, 3250, 3270, 3270, 3280, 3280, 3290, 3290, 3290, 3290, 3300, 3300, 3300, 3300, 3300, 3310, 3310, 3310, 3310, 3310, 3310, 3320, 3320, 3320, 3320, 3320, 3330, 3330, 3330, 3330, 3340, 3340, 3340, 3340, 3350, 3350, 3350, 3360, 3360, 3360, 3370, 3370, 3371, 3380, 3381, 3390, 3400, 3400, 3410, 3411, 3420, 3430, 3430, 3440, 3450, 3460, 3460, 3470, 3480, 3490, 3491, 3500, 3510, 3510, 3520, 3530, 3530, 3540, 3550, 3550, 3560, 3570, 3570, 3580, 3590, 3600, 3610, 3620, 3630, 3641, 3660, 3670, 3681, 3700, 3720, 3740, 3760, 3790, 3830, 3880, 3951, 4171, 6341, 15970]
                 avg          P99       P99.99         P100
Read         4.64μs      7.08μs     16.40μs       8.03ms
Write         3.44μs      4.22μs      9.24μs     15.97μs

=== bench_out4.dat ===
Ops: 2010000  Time: 9.65s  Throughput: 208268.93 ops/sec
Dirty reads: 0 / 1909142 (0.000%)
read_lats: vec100: [3200, 4140, 4171, 4220, 4320, 4360, 4360, 4370, 4370, 4380, 4380, 4380, 4390, 4390, 4390, 4391, 4400, 4400, 4400, 4401, 4410, 4410, 4410, 4420, 4420, 4420, 4420, 4430, 4430, 4430, 4430, 4440, 4440, 4440, 4440, 4450, 4450, 4450, 4450, 4460, 4460, 4460, 4461, 4470, 4470, 4470, 4480, 4480, 4481, 4490, 4491, 4500, 4510, 4510, 4520, 4530, 4530, 4540, 4550, 4551, 4560, 4570, 4580, 4590, 4590, 4600, 4610, 4620, 4621, 4630, 4640, 4650, 4651, 4660, 4670, 4671, 4680, 4690, 4700, 4701, 4710, 4720, 4730, 4740, 4750, 4760, 4780, 4790, 4810, 4821, 4841, 4870, 4890, 4920, 4950, 4981, 5031, 5110, 5281, 7040, 20060, 8132122]
write_lats: vec100: [2610, 3020, 3060, 3090, 3130, 3160, 3181, 3210, 3230, 3240, 3250, 3250, 3260, 3260, 3260, 3270, 3270, 3280, 3280, 3280, 3281, 3290, 3290, 3290, 3290, 3300, 3300, 3300, 3300, 3300, 3310, 3310, 3310, 3310, 3320, 3320, 3320, 3320, 3330, 3330, 3330, 3330, 3340, 3340, 3340, 3340, 3350, 3350, 3350, 3360, 3360, 3361, 3370, 3371, 3380, 3380, 3390, 3391, 3400, 3410, 3410, 3420, 3421, 3430, 3440, 3440, 3450, 3460, 3470, 3470, 3480, 3490, 3490, 3500, 3510, 3510, 3520, 3530, 3530, 3540, 3550, 3560, 3560, 3570, 3580, 3590, 3600, 3610, 3630, 3640, 3650, 3670, 3690, 3701, 3730, 3760, 3790, 3840, 3920, 4161, 6590, 228156]
                 avg          P99       P99.99         P100
Read         4.61μs      7.04μs     16.20μs       8.13ms
Write         3.42μs      4.20μs      9.13μs    228.16μs

=== bench_out5.dat ===
Ops: 2010000  Time: 9.66s  Throughput: 208131.12 ops/sec
Dirty reads: 0 / 1909256 (0.000%)
read_lats: vec100: [3130, 4140, 4180, 4220, 4310, 4360, 4360, 4370, 4370, 4380, 4380, 4380, 4390, 4390, 4390, 4391, 4400, 4400, 4400, 4410, 4410, 4410, 4410, 4420, 4420, 4420, 4420, 4430, 4430, 4430, 4430, 4440, 4440, 4440, 4440, 4450, 4450, 4450, 4450, 4460, 4460, 4460, 4461, 4470, 4470, 4470, 4480, 4480, 4481, 4490, 4491, 4500, 4510, 4510, 4520, 4530, 4530, 4540, 4550, 4551, 4560, 4570, 4580, 4581, 4590, 4600, 4610, 4620, 4621, 4630, 4640, 4650, 4651, 4660, 4670, 4671, 4680, 4690, 4700, 4700, 4710, 4720, 4730, 4740, 4750, 4760, 4771, 4790, 4810, 4820, 4840, 4861, 4890, 4920, 4950, 4981, 5030, 5110, 5280, 7040, 19581, 8120441]
write_lats: vec100: [2530, 3030, 3060, 3100, 3140, 3170, 3200, 3220, 3240, 3250, 3250, 3260, 3260, 3270, 3270, 3280, 3280, 3280, 3290, 3290, 3290, 3291, 3300, 3300, 3300, 3300, 3310, 3310, 3310, 3310, 3310, 3320, 3320, 3320, 3320, 3330, 3330, 3330, 3330, 3340, 3340, 3340, 3340, 3350, 3350, 3350, 3360, 3360, 3370, 3370, 3371, 3380, 3381, 3390, 3391, 3400, 3410, 3410, 3420, 3430, 3430, 3440, 3450, 3451, 3460, 3470, 3480, 3481, 3490, 3500, 3510, 3510, 3520, 3520, 3530, 3540, 3540, 3550, 3560, 3560, 3570, 3580, 3590, 3600, 3610, 3620, 3630, 3640, 3650, 3670, 3680, 3700, 3720, 3740, 3770, 3790, 3830, 3880, 3970, 4190, 7780, 36841]
                 avg          P99       P99.99         P100
Read         4.62μs      7.04μs     16.30μs       8.12ms
Write         3.44μs      4.22μs      9.15μs     36.84μs

=== bench_out6.dat ===
Ops: 2010000  Time: 9.64s  Throughput: 208598.41 ops/sec
Dirty reads: 0 / 1909791 (0.000%)
read_lats: vec100: [3250, 4140, 4170, 4210, 4280, 4360, 4370, 4371, 4380, 4380, 4390, 4390, 4390, 4391, 4400, 4400, 4400, 4401, 4410, 4410, 4410, 4411, 4420, 4420, 4420, 4421, 4430, 4430, 4430, 4431, 4440, 4440, 4440, 4440, 4450, 4450, 4450, 4450, 4451, 4460, 4460, 4460, 4461, 4470, 4470, 4470, 4480, 4480, 4490, 4490, 4500, 4500, 4510, 4511, 4520, 4530, 4531, 4540, 4550, 4560, 4560, 4570, 4580, 4590, 4591, 4600, 4610, 4620, 4630, 4640, 4640, 4650, 4660, 4660, 4670, 4680, 4680, 4690, 4700, 4710, 4710, 4720, 4730, 4740, 4750, 4760, 4780, 4790, 4810, 4821, 4841, 4870, 4890, 4920, 4950, 4990, 5031, 5110, 5280, 7030, 17650, 2630886]
write_lats: vec100: [2600, 3020, 3050, 3080, 3120, 3150, 3180, 3200, 3220, 3240, 3250, 3250, 3260, 3260, 3261, 3270, 3270, 3280, 3280, 3280, 3281, 3290, 3290, 3290, 3290, 3300, 3300, 3300, 3300, 3310, 3310, 3310, 3310, 3310, 3320, 3320, 3320, 3320, 3330, 3330, 3330, 3330, 3331, 3340, 3340, 3340, 3350, 3350, 3350, 3360, 3360, 3361, 3370, 3370, 3380, 3380, 3390, 3390, 3400, 3410, 3410, 3420, 3430, 3430, 3440, 3450, 3450, 3460, 3470, 3480, 3480, 3490, 3500, 3500, 3510, 3510, 3520, 3530, 3530, 3540, 3550, 3551, 3560, 3570, 3580, 3590, 3600, 3610, 3621, 3640, 3650, 3670, 3690, 3710, 3730, 3760, 3790, 3840, 3921, 4190, 9210, 17290]
                 avg          P99       P99.99         P100
Read         4.61μs      7.04μs     16.02μs       2.63ms
Write         3.42μs      4.19μs      8.31μs     17.29μs

=== bench_out7.dat ===
Ops: 2010000  Time: 9.66s  Throughput: 208089.69 ops/sec
Dirty reads: 0 / 1909386 (0.000%)
read_lats: vec100: [3200, 4141, 4180, 4210, 4270, 4360, 4370, 4371, 4380, 4380, 4390, 4390, 4390, 4400, 4400, 4400, 4400, 4410, 4410, 4410, 4411, 4420, 4420, 4420, 4420, 4430, 4430, 4430, 4430, 4440, 4440, 4440, 4440, 4441, 4450, 4450, 4450, 4450, 4451, 4460, 4460, 4460, 4461, 4470, 4470, 4470, 4480, 4480, 4490, 4490, 4500, 4500, 4510, 4520, 4520, 4530, 4540, 4540, 4550, 4560, 4561, 4570, 4580, 4590, 4600, 4600, 4610, 4620, 4630, 4640, 4641, 4650, 4660, 4661, 4670, 4680, 4681, 4690, 4700, 4710, 4711, 4720, 4730, 4740, 4750, 4760, 4780, 4790, 4810, 4830, 4850, 4870, 4891, 4920, 4950, 4990, 5040, 5120, 5290, 7050, 18571, 8137882]
write_lats: vec100: [2590, 3020, 3050, 3080, 3110, 3150, 3171, 3200, 3220, 3231, 3250, 3250, 3260, 3260, 3270, 3270, 3270, 3280, 3280, 3280, 3290, 3290, 3290, 3290, 3300, 3300, 3300, 3300, 3300, 3310, 3310, 3310, 3310, 3311, 3320, 3320, 3320, 3320, 3330, 3330, 3330, 3331, 3340, 3340, 3340, 3350, 3350, 3350, 3351, 3360, 3360, 3370, 3370, 3380, 3380, 3390, 3390, 3400, 3400, 3410, 3411, 3420, 3430, 3430, 3440, 3450, 3460, 3460, 3470, 3480, 3481, 3490, 3500, 3501, 3510, 3520, 3520, 3530, 3540, 3540, 3550, 3560, 3570, 3571, 3580, 3590, 3601, 3620, 3630, 3640, 3660, 3670, 3690, 3710, 3730, 3760, 3790, 3840, 3930, 4200, 8111, 340829]
                 avg          P99       P99.99         P100
Read         4.62μs      7.05μs     16.59μs       8.14ms
Write         3.42μs      4.21μs      8.45μs    340.83μs

=== bench_out8.dat ===
Ops: 2010000  Time: 9.65s  Throughput: 208241.89 ops/sec
Dirty reads: 0 / 1909507 (0.000%)
read_lats: vec100: [3120, 4150, 4180, 4200, 4250, 4340, 4380, 4380, 4390, 4390, 4391, 4400, 4400, 4400, 4410, 4410, 4410, 4410, 4411, 4420, 4420, 4420, 4420, 4430, 4430, 4430, 4430, 4430, 4431, 4440, 4440, 4440, 4440, 4441, 4450, 4450, 4450, 4450, 4450, 4460, 4460, 4460, 4460, 4470, 4470, 4470, 4480, 4480, 4490, 4490, 4500, 4500, 4510, 4520, 4521, 4530, 4540, 4541, 4550, 4560, 4570, 4570, 4580, 4590, 4600, 4601, 4610, 4620, 4630, 4640, 4650, 4650, 4660, 4670, 4671, 4680, 4690, 4690, 4700, 4710, 4720, 4720, 4730, 4740, 4750, 4761, 4780, 4790, 4810, 4830, 4850, 4870, 4891, 4920, 4950, 4990, 5040, 5110, 5280, 7040, 28001, 2140473]
write_lats: vec100: [2520, 3020, 3050, 3070, 3100, 3140, 3170, 3190, 3210, 3230, 3250, 3260, 3260, 3270, 3270, 3270, 3280, 3280, 3280, 3280, 3290, 3290, 3290, 3290, 3290, 3300, 3300, 3300, 3300, 3300, 3310, 3310, 3310, 3310, 3310, 3320, 3320, 3320, 3320, 3330, 3330, 3330, 3330, 3331, 3340, 3340, 3340, 3350, 3350, 3360, 3360, 3360, 3370, 3370, 3380, 3380, 3390, 3390, 3400, 3410, 3410, 3420, 3420, 3430, 3440, 3441, 3450, 3460, 3470, 3471, 3480, 3490, 3500, 3500, 3510, 3520, 3520, 3530, 3531, 3540, 3550, 3560, 3561, 3570, 3580, 3590, 3600, 3611, 3630, 3640, 3651, 3670, 3690, 3710, 3730, 3760, 3790, 3840, 3920, 4140, 6281, 8127632]
                 avg          P99       P99.99         P100
Read         4.61μs      7.04μs     15.95μs       2.14ms
Write         3.50μs      4.18μs      9.45μs       8.13ms

Average throughput across all outputs: 207711.11
Average read latency across all outputs: 4.62 us
Average write latency across all outputs: 3.44 us
