Date: 20260519_1625
YCSB workload: workloadb_128_medium

============= RepCXL configuration =============
processes = "0-8"
logger_cluster_size = 3
algorithm = "async_best_effort"
pipeline = false
round_time = 1300 
read_retries = 10
core_affinity = "20-120" 
============= Benchmark Results =============

=== bench_out0.dat ===
Ops: 2010000  Time: 3.85s  Throughput: 521804.46 ops/sec
Dirty reads: 118 / 1909810 (0.006%)
  Dirty read avg latency: 1.64ms
read_lats: vec100: [1030, 1450, 1450, 1450, 1450, 1450, 1460, 1460, 1460, 1460, 1460, 1460, 1460, 1460, 1460, 1460, 1460, 1460, 1460, 1460, 1460, 1460, 1460, 1460, 1460, 1460, 1460, 1461, 1470, 1470, 1470, 1470, 1470, 1470, 1470, 1470, 1470, 1470, 1470, 1470, 1470, 1470, 1470, 1470, 1470, 1471, 1480, 1480, 1480, 1480, 1480, 1480, 1490, 1490, 1490, 1500, 1500, 1501, 1510, 1520, 1520, 1530, 1540, 1540, 1550, 1560, 1560, 1570, 1580, 1590, 1590, 1600, 1610, 1620, 1620, 1630, 1640, 1650, 1650, 1660, 1670, 1680, 1690, 1690, 1700, 1710, 1720, 1730, 1740, 1740, 1750, 1760, 1780, 1800, 1810, 1840, 1890, 2010, 2040, 2180, 2168633, 4199185]
write_lats: vec100: [870, 1110, 1130, 1140, 1150, 1160, 1160, 1170, 1180, 1190, 1200, 1210, 1230, 1250, 1270, 1280, 1290, 1290, 1300, 1300, 1310, 1310, 1320, 1320, 1320, 1320, 1330, 1330, 1330, 1330, 1340, 1340, 1340, 1340, 1350, 1350, 1350, 1360, 1360, 1370, 1370, 1370, 1370, 1380, 1380, 1380, 1380, 1380, 1390, 1390, 1390, 1390, 1390, 1400, 1400, 1400, 1400, 1410, 1410, 1410, 1420, 1420, 1430, 1430, 1440, 1440, 1450, 1460, 1460, 1470, 1480, 1490, 1500, 1500, 1510, 1510, 1520, 1520, 1520, 1530, 1530, 1540, 1540, 1550, 1560, 1570, 1580, 1590, 1600, 1610, 1620, 1630, 1650, 1670, 1690, 1710, 1740, 1790, 1860, 1990, 2700, 7440]
                 avg          P99       P99.99         P100
Read         1.67μs      2.18μs      7.45μs       4.20ms
Write         1.42μs      2.01μs      5.39μs      7.44μs

=== bench_out1.dat ===
Ops: 2010000  Time: 3.75s  Throughput: 536591.53 ops/sec
Dirty reads: 118 / 1909523 (0.006%)
  Dirty read avg latency: 1.69ms
read_lats: vec100: [1000, 1420, 1430, 1430, 1430, 1430, 1430, 1430, 1430, 1430, 1430, 1430, 1430, 1440, 1440, 1440, 1440, 1440, 1440, 1440, 1440, 1440, 1440, 1440, 1440, 1440, 1440, 1440, 1440, 1440, 1440, 1440, 1440, 1440, 1441, 1450, 1450, 1450, 1450, 1450, 1450, 1450, 1450, 1450, 1450, 1450, 1450, 1451, 1460, 1460, 1460, 1460, 1460, 1470, 1470, 1470, 1480, 1480, 1490, 1490, 1500, 1510, 1510, 1520, 1530, 1540, 1540, 1550, 1560, 1570, 1580, 1580, 1590, 1600, 1610, 1611, 1620, 1630, 1640, 1650, 1650, 1660, 1670, 1670, 1680, 1690, 1690, 1700, 1710, 1720, 1720, 1731, 1750, 1780, 1790, 1810, 1860, 1980, 2010, 2150, 2139543, 10408187]
write_lats: vec100: [920, 1121, 1150, 1160, 1170, 1170, 1180, 1190, 1200, 1210, 1230, 1240, 1270, 1290, 1300, 1300, 1310, 1310, 1310, 1320, 1320, 1330, 1330, 1330, 1330, 1340, 1340, 1340, 1340, 1341, 1350, 1350, 1350, 1360, 1360, 1360, 1370, 1370, 1370, 1380, 1380, 1380, 1380, 1390, 1390, 1390, 1390, 1390, 1400, 1400, 1400, 1400, 1400, 1410, 1410, 1410, 1410, 1420, 1420, 1420, 1430, 1430, 1440, 1450, 1450, 1460, 1470, 1470, 1480, 1490, 1500, 1500, 1510, 1510, 1520, 1520, 1530, 1530, 1540, 1540, 1540, 1550, 1551, 1560, 1570, 1580, 1590, 1600, 1610, 1620, 1630, 1650, 1660, 1680, 1700, 1730, 1760, 1810, 1880, 2020, 2830, 8950]
                 avg          P99       P99.99         P100
Read         1.65μs      2.15μs      7.34μs      10.41ms
Write         1.43μs      2.04μs      5.54μs      8.95μs

=== bench_out2.dat ===
Ops: 2010000  Time: 3.75s  Throughput: 536336.51 ops/sec
Dirty reads: 110 / 1909776 (0.006%)
  Dirty read avg latency: 1.59ms
read_lats: vec100: [1030, 1430, 1430, 1430, 1430, 1430, 1430, 1430, 1430, 1431, 1440, 1440, 1440, 1440, 1440, 1440, 1440, 1440, 1440, 1440, 1440, 1440, 1440, 1440, 1440, 1440, 1440, 1440, 1440, 1440, 1440, 1441, 1450, 1450, 1450, 1450, 1450, 1450, 1450, 1450, 1450, 1450, 1450, 1450, 1450, 1450, 1451, 1460, 1460, 1460, 1460, 1460, 1470, 1470, 1470, 1480, 1480, 1480, 1490, 1491, 1500, 1510, 1510, 1520, 1530, 1540, 1540, 1550, 1560, 1570, 1580, 1580, 1590, 1600, 1610, 1620, 1620, 1630, 1640, 1650, 1650, 1660, 1670, 1670, 1680, 1690, 1690, 1700, 1710, 1720, 1730, 1740, 1750, 1780, 1790, 1810, 1860, 1980, 2020, 2150, 1265322, 7639120]
write_lats: vec100: [920, 1120, 1140, 1150, 1160, 1170, 1170, 1180, 1190, 1210, 1220, 1240, 1260, 1280, 1290, 1290, 1300, 1300, 1310, 1310, 1320, 1320, 1320, 1320, 1330, 1330, 1330, 1330, 1340, 1340, 1340, 1340, 1350, 1350, 1351, 1360, 1360, 1370, 1370, 1370, 1370, 1380, 1380, 1380, 1380, 1380, 1381, 1390, 1390, 1390, 1390, 1390, 1400, 1400, 1400, 1400, 1410, 1410, 1410, 1420, 1420, 1430, 1430, 1440, 1441, 1450, 1460, 1460, 1470, 1480, 1490, 1500, 1500, 1510, 1510, 1520, 1520, 1520, 1530, 1530, 1540, 1540, 1550, 1551, 1560, 1570, 1580, 1590, 1600, 1610, 1630, 1640, 1660, 1670, 1690, 1720, 1760, 1800, 1870, 2010, 6160, 8420]
                 avg          P99       P99.99         P100
Read         1.64μs      2.15μs      7.76μs       7.64ms
Write         1.43μs      2.01μs      6.66μs      8.42μs

=== bench_out3.dat ===
Ops: 2010000  Time: 3.76s  Throughput: 534417.43 ops/sec
Dirty reads: 120 / 1909507 (0.006%)
  Dirty read avg latency: 1.60ms
read_lats: vec100: [1030, 1430, 1430, 1430, 1430, 1430, 1430, 1430, 1430, 1440, 1440, 1440, 1440, 1440, 1440, 1440, 1440, 1440, 1440, 1440, 1440, 1440, 1440, 1440, 1440, 1440, 1440, 1440, 1440, 1440, 1441, 1450, 1450, 1450, 1450, 1450, 1450, 1450, 1450, 1450, 1450, 1450, 1450, 1450, 1450, 1450, 1460, 1460, 1460, 1460, 1460, 1460, 1470, 1470, 1470, 1480, 1480, 1481, 1490, 1500, 1500, 1510, 1520, 1520, 1530, 1540, 1550, 1550, 1560, 1570, 1580, 1580, 1590, 1600, 1610, 1620, 1620, 1630, 1640, 1650, 1650, 1660, 1670, 1670, 1680, 1690, 1691, 1700, 1710, 1720, 1730, 1740, 1750, 1780, 1790, 1810, 1860, 1980, 2020, 2150, 2183144, 7745842]
write_lats: vec100: [920, 1110, 1140, 1150, 1160, 1161, 1170, 1180, 1190, 1200, 1210, 1230, 1250, 1270, 1290, 1290, 1300, 1300, 1310, 1310, 1310, 1320, 1320, 1320, 1321, 1330, 1330, 1330, 1330, 1340, 1340, 1340, 1340, 1350, 1350, 1351, 1360, 1360, 1370, 1370, 1370, 1370, 1380, 1380, 1380, 1380, 1380, 1390, 1390, 1390, 1390, 1390, 1400, 1400, 1400, 1400, 1401, 1410, 1410, 1420, 1420, 1430, 1430, 1440, 1440, 1450, 1460, 1460, 1470, 1480, 1490, 1500, 1500, 1510, 1510, 1510, 1520, 1520, 1530, 1530, 1530, 1540, 1550, 1550, 1560, 1570, 1580, 1590, 1600, 1610, 1620, 1640, 1650, 1670, 1690, 1720, 1750, 1800, 1870, 2000, 2730, 10720]
                 avg          P99       P99.99         P100
Read         1.65μs      2.15μs      7.31μs       7.75ms
Write         1.42μs      2.02μs      5.78μs     10.72μs

=== bench_out4.dat ===
Ops: 2010000  Time: 3.73s  Throughput: 539346.53 ops/sec
Dirty reads: 108 / 1909142 (0.006%)
  Dirty read avg latency: 1.65ms
read_lats: vec100: [1030, 1420, 1420, 1420, 1420, 1420, 1420, 1430, 1430, 1430, 1430, 1430, 1430, 1430, 1430, 1430, 1430, 1430, 1430, 1430, 1430, 1430, 1430, 1430, 1430, 1430, 1430, 1430, 1431, 1440, 1440, 1440, 1440, 1440, 1440, 1440, 1440, 1440, 1440, 1440, 1440, 1440, 1440, 1440, 1450, 1450, 1450, 1450, 1450, 1450, 1460, 1460, 1460, 1461, 1470, 1470, 1480, 1480, 1490, 1490, 1500, 1510, 1510, 1520, 1530, 1540, 1540, 1550, 1560, 1570, 1570, 1580, 1590, 1600, 1610, 1610, 1620, 1630, 1640, 1650, 1650, 1660, 1670, 1670, 1680, 1690, 1690, 1700, 1710, 1710, 1720, 1730, 1750, 1770, 1790, 1810, 1860, 1970, 2000, 2130, 2093962, 7738182]
write_lats: vec100: [910, 1100, 1130, 1140, 1150, 1160, 1170, 1180, 1190, 1200, 1210, 1220, 1240, 1260, 1271, 1280, 1290, 1290, 1300, 1300, 1310, 1310, 1310, 1311, 1320, 1320, 1320, 1320, 1320, 1330, 1330, 1330, 1330, 1330, 1331, 1340, 1340, 1340, 1341, 1350, 1350, 1360, 1360, 1370, 1370, 1370, 1371, 1380, 1380, 1380, 1380, 1390, 1390, 1390, 1390, 1391, 1400, 1400, 1400, 1410, 1410, 1410, 1420, 1430, 1430, 1440, 1440, 1450, 1460, 1470, 1470, 1480, 1490, 1500, 1500, 1510, 1510, 1520, 1520, 1530, 1530, 1540, 1540, 1550, 1560, 1560, 1570, 1580, 1590, 1600, 1620, 1630, 1650, 1660, 1680, 1710, 1740, 1790, 1860, 1990, 2950, 19090]
                 avg          P99       P99.99         P100
Read         1.64μs      2.13μs      6.56μs       7.74ms
Write         1.41μs      2.00μs      5.49μs     19.09μs

=== bench_out5.dat ===
Ops: 2010000  Time: 3.73s  Throughput: 538467.52 ops/sec
Dirty reads: 117 / 1909256 (0.006%)
  Dirty read avg latency: 1.57ms
read_lats: vec100: [1010, 1420, 1420, 1420, 1420, 1420, 1420, 1430, 1430, 1430, 1430, 1430, 1430, 1430, 1430, 1430, 1430, 1430, 1430, 1430, 1430, 1430, 1430, 1430, 1430, 1430, 1430, 1431, 1440, 1440, 1440, 1440, 1440, 1440, 1440, 1440, 1440, 1440, 1440, 1440, 1440, 1440, 1440, 1441, 1450, 1450, 1450, 1450, 1450, 1450, 1460, 1460, 1460, 1461, 1470, 1470, 1480, 1480, 1490, 1490, 1500, 1510, 1510, 1520, 1530, 1540, 1540, 1550, 1560, 1570, 1570, 1580, 1590, 1600, 1600, 1610, 1620, 1630, 1640, 1640, 1650, 1660, 1670, 1670, 1680, 1681, 1690, 1700, 1701, 1710, 1720, 1730, 1750, 1770, 1781, 1810, 1860, 1970, 2000, 2140, 1957289, 7737352]
write_lats: vec100: [910, 1101, 1130, 1140, 1151, 1160, 1170, 1180, 1190, 1200, 1210, 1220, 1240, 1260, 1280, 1280, 1290, 1300, 1300, 1310, 1310, 1310, 1320, 1320, 1320, 1320, 1320, 1330, 1330, 1330, 1330, 1330, 1330, 1340, 1340, 1340, 1340, 1350, 1350, 1350, 1360, 1360, 1370, 1370, 1370, 1380, 1380, 1380, 1380, 1381, 1390, 1390, 1390, 1390, 1400, 1400, 1400, 1400, 1410, 1410, 1410, 1420, 1420, 1430, 1430, 1440, 1450, 1450, 1460, 1470, 1480, 1490, 1490, 1500, 1500, 1510, 1510, 1520, 1520, 1530, 1531, 1540, 1550, 1550, 1560, 1570, 1580, 1590, 1600, 1610, 1620, 1630, 1650, 1670, 1690, 1710, 1750, 1790, 1860, 1990, 3501, 8090]
                 avg          P99       P99.99         P100
Read         1.64μs      2.14μs      6.80μs       7.74ms
Write         1.42μs      2.00μs      5.11μs      8.09μs

=== bench_out6.dat ===
Ops: 2010000  Time: 3.71s  Throughput: 541750.65 ops/sec
Dirty reads: 106 / 1909791 (0.006%)
  Dirty read avg latency: 1.59ms
read_lats: vec100: [1010, 1420, 1420, 1420, 1420, 1430, 1430, 1430, 1430, 1430, 1430, 1430, 1430, 1430, 1430, 1430, 1430, 1430, 1430, 1430, 1430, 1430, 1430, 1431, 1440, 1440, 1440, 1440, 1440, 1440, 1440, 1440, 1440, 1440, 1440, 1440, 1440, 1440, 1440, 1440, 1441, 1450, 1450, 1450, 1450, 1450, 1450, 1450, 1460, 1460, 1460, 1460, 1470, 1470, 1480, 1480, 1490, 1490, 1500, 1500, 1510, 1511, 1520, 1530, 1530, 1540, 1550, 1560, 1560, 1570, 1580, 1581, 1590, 1600, 1610, 1620, 1620, 1630, 1640, 1650, 1650, 1660, 1670, 1670, 1680, 1690, 1690, 1700, 1710, 1720, 1720, 1740, 1760, 1770, 1790, 1810, 1860, 1970, 2000, 2130, 666866, 7766443]
write_lats: vec100: [910, 1110, 1130, 1140, 1151, 1160, 1170, 1180, 1190, 1200, 1210, 1230, 1240, 1270, 1280, 1290, 1290, 1300, 1300, 1310, 1310, 1310, 1310, 1320, 1320, 1320, 1320, 1320, 1330, 1330, 1330, 1330, 1330, 1340, 1340, 1340, 1340, 1341, 1350, 1350, 1360, 1360, 1370, 1370, 1370, 1380, 1380, 1380, 1380, 1380, 1390, 1390, 1390, 1390, 1390, 1400, 1400, 1400, 1410, 1410, 1410, 1420, 1430, 1430, 1440, 1440, 1450, 1460, 1460, 1470, 1480, 1490, 1490, 1500, 1500, 1510, 1510, 1520, 1520, 1530, 1531, 1540, 1550, 1550, 1560, 1570, 1571, 1590, 1600, 1610, 1620, 1630, 1650, 1670, 1690, 1711, 1750, 1790, 1860, 2000, 5241, 13960]
                 avg          P99       P99.99         P100
Read         1.64μs      2.13μs      6.74μs       7.77ms
Write         1.42μs      2.00μs      4.92μs     13.96μs

=== bench_out7.dat ===
Ops: 2010000  Time: 3.72s  Throughput: 540320.37 ops/sec
Dirty reads: 111 / 1909386 (0.006%)
  Dirty read avg latency: 1.57ms
read_lats: vec100: [990, 1420, 1420, 1420, 1420, 1430, 1430, 1430, 1430, 1430, 1430, 1430, 1430, 1430, 1430, 1430, 1430, 1430, 1430, 1430, 1430, 1430, 1430, 1430, 1431, 1440, 1440, 1440, 1440, 1440, 1440, 1440, 1440, 1440, 1440, 1440, 1440, 1440, 1440, 1440, 1440, 1440, 1450, 1450, 1450, 1450, 1450, 1450, 1450, 1450, 1460, 1460, 1460, 1470, 1470, 1470, 1480, 1480, 1490, 1490, 1500, 1510, 1510, 1520, 1530, 1540, 1540, 1550, 1560, 1570, 1570, 1580, 1590, 1600, 1610, 1610, 1620, 1630, 1640, 1650, 1650, 1660, 1670, 1670, 1680, 1690, 1690, 1700, 1710, 1710, 1720, 1730, 1750, 1770, 1790, 1810, 1860, 1970, 2000, 2130, 939093, 7795413]
write_lats: vec100: [910, 1110, 1130, 1140, 1150, 1160, 1170, 1180, 1190, 1200, 1210, 1220, 1240, 1260, 1280, 1280, 1290, 1290, 1300, 1300, 1310, 1310, 1310, 1320, 1320, 1320, 1320, 1320, 1321, 1330, 1330, 1330, 1330, 1330, 1340, 1340, 1340, 1340, 1341, 1350, 1350, 1360, 1360, 1370, 1370, 1370, 1380, 1380, 1380, 1380, 1380, 1390, 1390, 1390, 1390, 1390, 1400, 1400, 1400, 1400, 1410, 1410, 1420, 1420, 1430, 1440, 1440, 1450, 1460, 1461, 1470, 1480, 1490, 1500, 1500, 1510, 1510, 1520, 1520, 1530, 1530, 1540, 1540, 1550, 1560, 1560, 1570, 1580, 1591, 1610, 1620, 1630, 1650, 1660, 1680, 1710, 1740, 1790, 1860, 2000, 5490, 12390]
                 avg          P99       P99.99         P100
Read         1.64μs      2.13μs      6.86μs       7.80ms
Write         1.42μs      2.00μs      5.78μs     12.39μs

=== bench_out8.dat ===
Ops: 2010000  Time: 3.74s  Throughput: 537328.84 ops/sec
Dirty reads: 115 / 1909507 (0.006%)
  Dirty read avg latency: 1.57ms
read_lats: vec100: [1010, 1420, 1420, 1430, 1430, 1430, 1430, 1430, 1430, 1430, 1430, 1430, 1430, 1430, 1430, 1430, 1430, 1430, 1430, 1430, 1440, 1440, 1440, 1440, 1440, 1440, 1440, 1440, 1440, 1440, 1440, 1440, 1440, 1440, 1440, 1440, 1440, 1440, 1440, 1441, 1450, 1450, 1450, 1450, 1450, 1450, 1450, 1450, 1451, 1460, 1460, 1460, 1460, 1470, 1470, 1471, 1480, 1480, 1490, 1500, 1500, 1510, 1520, 1520, 1530, 1540, 1541, 1550, 1560, 1570, 1580, 1580, 1590, 1600, 1610, 1610, 1620, 1630, 1640, 1641, 1650, 1660, 1670, 1670, 1680, 1690, 1690, 1700, 1710, 1720, 1720, 1731, 1750, 1780, 1790, 1811, 1870, 1980, 2010, 2150, 2175224, 7909086]
write_lats: vec100: [910, 1110, 1130, 1140, 1150, 1160, 1170, 1180, 1190, 1200, 1210, 1220, 1240, 1260, 1280, 1290, 1290, 1300, 1300, 1300, 1310, 1310, 1310, 1320, 1320, 1320, 1320, 1320, 1321, 1330, 1330, 1330, 1330, 1330, 1340, 1340, 1340, 1340, 1350, 1350, 1350, 1360, 1360, 1370, 1370, 1370, 1380, 1380, 1380, 1380, 1381, 1390, 1390, 1390, 1390, 1391, 1400, 1400, 1400, 1410, 1410, 1420, 1420, 1430, 1430, 1440, 1450, 1450, 1460, 1470, 1480, 1490, 1490, 1500, 1510, 1510, 1510, 1520, 1520, 1530, 1530, 1540, 1540, 1550, 1560, 1560, 1570, 1580, 1600, 1610, 1620, 1630, 1650, 1661, 1690, 1710, 1750, 1790, 1860, 1990, 2701, 13881]
                 avg          P99       P99.99         P100
Read         1.64μs      2.15μs      6.77μs       7.91ms
Write         1.42μs      2.01μs      5.80μs     13.88μs

Average throughput across all outputs: 536264.44
Average read latency across all outputs: 1.65 us
Average write latency across all outputs: 1.42 us
