Date: 20260519_1629
YCSB workload: workloadb_128_medium

============= RepCXL configuration =============
processes = "0-8"
logger_cluster_size = 3
algorithm = "fmonster"
pipeline = false
round_time = 10 
read_retries = 10
core_affinity = "20-120" 
============= Benchmark Results =============

=== bench_out0.dat ===
Monster: conflicts=0, sync_failures=300570, empty_requests=0, try_overtime=100190, check_overtime=100190, replicate_overtime=100190
Ops: 2010000  Time: 3.91s  Throughput: 514449.70 ops/sec
Dirty reads: 0 / 1909810 (0.000%)
read_lats: vec100: [1040, 1420, 1420, 1420, 1420, 1420, 1420, 1430, 1430, 1430, 1430, 1430, 1430, 1430, 1430, 1430, 1430, 1430, 1430, 1430, 1430, 1430, 1430, 1430, 1430, 1440, 1440, 1440, 1440, 1440, 1440, 1440, 1440, 1440, 1440, 1440, 1440, 1440, 1440, 1440, 1440, 1450, 1450, 1450, 1450, 1450, 1450, 1450, 1450, 1450, 1460, 1460, 1460, 1460, 1470, 1470, 1470, 1480, 1480, 1490, 1500, 1500, 1510, 1520, 1530, 1530, 1540, 1550, 1560, 1560, 1570, 1580, 1590, 1600, 1600, 1610, 1620, 1630, 1631, 1640, 1650, 1660, 1660, 1670, 1680, 1680, 1690, 1700, 1700, 1710, 1720, 1730, 1740, 1770, 1780, 1800, 1840, 1930, 2010, 2120, 9260, 26831]
write_lats: vec100: [3580, 4030, 4071, 4100, 4120, 4140, 4150, 4170, 4181, 4200, 4210, 4220, 4230, 4240, 4250, 4251, 4260, 4270, 4270, 4280, 4280, 4290, 4290, 4290, 4300, 4300, 4310, 4310, 4310, 4320, 4320, 4321, 4330, 4330, 4331, 4340, 4340, 4341, 4350, 4350, 4360, 4360, 4360, 4370, 4370, 4370, 4380, 4380, 4390, 4390, 4391, 4400, 4401, 4410, 4420, 4420, 4430, 4430, 4440, 4440, 4450, 4451, 4460, 4470, 4470, 4480, 4480, 4490, 4490, 4500, 4510, 4510, 4520, 4521, 4530, 4540, 4541, 4550, 4560, 4570, 4571, 4580, 4590, 4600, 4610, 4620, 4630, 4640, 4660, 4670, 4690, 4700, 4720, 4741, 4770, 4800, 4840, 4890, 4960, 5120, 7620, 13750]
                 avg          P99       P99.99         P100
Read         1.54μs      2.12μs      5.82μs     26.83μs
Write         4.43μs      5.14μs     10.78μs     13.75μs

=== bench_out1.dat ===
Monster: conflicts=40, sync_failures=301451, empty_requests=0, try_overtime=100497, check_overtime=100497, replicate_overtime=100457
Ops: 2010000  Time: 3.85s  Throughput: 521628.78 ops/sec
Dirty reads: 0 / 1909523 (0.000%)
read_lats: vec100: [1030, 1420, 1420, 1420, 1420, 1420, 1420, 1430, 1430, 1430, 1430, 1430, 1430, 1430, 1430, 1430, 1430, 1430, 1430, 1430, 1430, 1430, 1430, 1430, 1430, 1430, 1440, 1440, 1440, 1440, 1440, 1440, 1440, 1440, 1440, 1440, 1440, 1440, 1440, 1440, 1440, 1440, 1450, 1450, 1450, 1450, 1450, 1450, 1450, 1450, 1460, 1460, 1460, 1460, 1470, 1470, 1471, 1480, 1481, 1490, 1500, 1500, 1510, 1520, 1530, 1530, 1540, 1550, 1560, 1561, 1570, 1580, 1590, 1600, 1601, 1610, 1620, 1630, 1640, 1640, 1650, 1660, 1661, 1670, 1680, 1680, 1690, 1700, 1700, 1710, 1720, 1730, 1740, 1770, 1780, 1800, 1840, 1941, 2010, 2120, 8790, 7654301]
write_lats: vec100: [3590, 4030, 4080, 4110, 4130, 4150, 4160, 4180, 4190, 4210, 4220, 4230, 4240, 4250, 4260, 4260, 4270, 4270, 4280, 4280, 4290, 4290, 4300, 4300, 4310, 4310, 4311, 4320, 4320, 4330, 4330, 4330, 4340, 4340, 4340, 4350, 4350, 4350, 4360, 4360, 4370, 4370, 4370, 4380, 4380, 4390, 4390, 4400, 4400, 4410, 4411, 4420, 4430, 4430, 4440, 4441, 4450, 4460, 4460, 4470, 4470, 4480, 4480, 4490, 4490, 4500, 4510, 4510, 4520, 4530, 4530, 4540, 4550, 4551, 4560, 4570, 4580, 4590, 4591, 4600, 4610, 4620, 4630, 4640, 4650, 4660, 4680, 4690, 4700, 4720, 4740, 4760, 4780, 4800, 4830, 4860, 4900, 4950, 5031, 5190, 8470, 2437631]
                 avg          P99       P99.99         P100
Read         1.54μs      2.12μs      5.76μs       7.65ms
Write         4.49μs      5.20μs     11.77μs       2.44ms

=== bench_out2.dat ===
Monster: conflicts=56, sync_failures=300721, empty_requests=0, try_overtime=100259, check_overtime=100259, replicate_overtime=100203
Ops: 2010000  Time: 3.87s  Throughput: 519150.85 ops/sec
Dirty reads: 0 / 1909776 (0.000%)
read_lats: vec100: [1030, 1420, 1420, 1420, 1420, 1430, 1430, 1430, 1430, 1430, 1430, 1430, 1430, 1430, 1430, 1430, 1430, 1430, 1430, 1430, 1430, 1430, 1440, 1440, 1440, 1440, 1440, 1440, 1440, 1440, 1440, 1440, 1440, 1440, 1440, 1440, 1440, 1440, 1440, 1441, 1450, 1450, 1450, 1450, 1450, 1450, 1450, 1450, 1450, 1460, 1460, 1460, 1460, 1461, 1470, 1470, 1480, 1480, 1490, 1490, 1500, 1510, 1510, 1520, 1530, 1540, 1540, 1550, 1560, 1570, 1570, 1580, 1590, 1600, 1610, 1610, 1620, 1630, 1640, 1650, 1650, 1660, 1670, 1670, 1680, 1690, 1690, 1700, 1710, 1710, 1720, 1730, 1750, 1770, 1780, 1800, 1850, 1960, 2010, 2130, 7260, 7674272]
write_lats: vec100: [3580, 4030, 4080, 4101, 4120, 4140, 4160, 4180, 4190, 4210, 4220, 4230, 4240, 4250, 4260, 4260, 4270, 4270, 4280, 4280, 4290, 4290, 4290, 4300, 4300, 4310, 4310, 4311, 4320, 4320, 4330, 4330, 4330, 4340, 4340, 4340, 4350, 4350, 4350, 4360, 4360, 4360, 4370, 4370, 4370, 4380, 4380, 4381, 4390, 4391, 4400, 4401, 4410, 4420, 4420, 4430, 4430, 4440, 4450, 4450, 4460, 4460, 4470, 4470, 4480, 4480, 4490, 4490, 4500, 4500, 4510, 4520, 4520, 4530, 4540, 4540, 4550, 4560, 4561, 4570, 4580, 4590, 4600, 4610, 4611, 4621, 4640, 4650, 4660, 4671, 4690, 4710, 4730, 4750, 4780, 4810, 4840, 4900, 4980, 5150, 10801, 50361]
                 avg          P99       P99.99         P100
Read         1.54μs      2.13μs      5.94μs       7.67ms
Write         4.44μs      5.15μs     11.77μs     50.36μs

=== bench_out3.dat ===
Monster: conflicts=97, sync_failures=301568, empty_requests=0, try_overtime=100555, check_overtime=100555, replicate_overtime=100458
Ops: 2010000  Time: 3.87s  Throughput: 519016.76 ops/sec
Dirty reads: 0 / 1909507 (0.000%)
read_lats: vec100: [1040, 1420, 1420, 1420, 1430, 1430, 1430, 1430, 1430, 1430, 1430, 1430, 1430, 1430, 1430, 1430, 1430, 1430, 1430, 1430, 1430, 1431, 1440, 1440, 1440, 1440, 1440, 1440, 1440, 1440, 1440, 1440, 1440, 1440, 1440, 1440, 1440, 1440, 1440, 1441, 1450, 1450, 1450, 1450, 1450, 1450, 1450, 1450, 1450, 1460, 1460, 1460, 1460, 1460, 1470, 1470, 1480, 1480, 1490, 1490, 1500, 1510, 1510, 1520, 1530, 1540, 1540, 1550, 1560, 1570, 1570, 1580, 1590, 1600, 1610, 1610, 1620, 1630, 1640, 1650, 1650, 1660, 1670, 1670, 1680, 1681, 1690, 1700, 1710, 1710, 1720, 1730, 1750, 1770, 1780, 1800, 1850, 1950, 2010, 2130, 24451, 7812075]
write_lats: vec100: [3630, 4071, 4130, 4150, 4170, 4190, 4201, 4220, 4231, 4250, 4260, 4271, 4281, 4290, 4300, 4310, 4310, 4320, 4320, 4321, 4330, 4330, 4340, 4340, 4350, 4350, 4360, 4360, 4360, 4370, 4370, 4371, 4380, 4380, 4380, 4390, 4390, 4390, 4400, 4400, 4400, 4410, 4410, 4410, 4420, 4420, 4430, 4430, 4431, 4440, 4440, 4450, 4451, 4460, 4470, 4470, 4480, 4480, 4490, 4491, 4500, 4501, 4510, 4511, 4520, 4521, 4530, 4531, 4540, 4550, 4550, 4560, 4561, 4570, 4580, 4580, 4590, 4600, 4601, 4610, 4620, 4630, 4640, 4641, 4651, 4661, 4680, 4690, 4700, 4711, 4730, 4750, 4770, 4790, 4811, 4841, 4880, 4930, 5010, 5170, 8430, 36091]
                 avg          P99       P99.99         P100
Read         1.54μs      2.13μs      5.80μs       7.81ms
Write         4.49μs      5.19μs     11.88μs     36.09μs

=== bench_out4.dat ===
Monster: conflicts=160, sync_failures=302768, empty_requests=0, try_overtime=100976, check_overtime=100976, replicate_overtime=100816
Ops: 2010000  Time: 3.85s  Throughput: 522467.64 ops/sec
Dirty reads: 0 / 1909142 (0.000%)
read_lats: vec100: [1020, 1410, 1410, 1411, 1420, 1420, 1420, 1420, 1420, 1420, 1420, 1420, 1420, 1420, 1420, 1420, 1420, 1420, 1421, 1430, 1430, 1430, 1430, 1430, 1430, 1430, 1430, 1430, 1430, 1430, 1430, 1430, 1430, 1430, 1430, 1430, 1431, 1440, 1440, 1440, 1440, 1440, 1440, 1440, 1440, 1440, 1440, 1450, 1450, 1450, 1450, 1450, 1460, 1460, 1460, 1470, 1470, 1480, 1480, 1490, 1500, 1500, 1510, 1520, 1521, 1530, 1540, 1550, 1560, 1560, 1570, 1580, 1590, 1590, 1600, 1610, 1620, 1630, 1631, 1640, 1650, 1660, 1660, 1670, 1680, 1680, 1690, 1700, 1700, 1710, 1720, 1730, 1740, 1760, 1780, 1800, 1840, 1940, 1990, 2110, 7411, 7765614]
write_lats: vec100: [3550, 4000, 4050, 4080, 4100, 4120, 4130, 4150, 4160, 4180, 4190, 4200, 4210, 4220, 4230, 4230, 4240, 4240, 4250, 4250, 4260, 4260, 4270, 4270, 4271, 4280, 4280, 4290, 4290, 4291, 4300, 4300, 4310, 4310, 4310, 4320, 4320, 4330, 4330, 4330, 4340, 4340, 4341, 4350, 4350, 4360, 4360, 4370, 4370, 4371, 4380, 4380, 4390, 4391, 4400, 4410, 4410, 4420, 4420, 4430, 4430, 4440, 4441, 4450, 4460, 4460, 4470, 4470, 4480, 4480, 4490, 4500, 4500, 4510, 4520, 4521, 4530, 4540, 4550, 4551, 4560, 4570, 4580, 4590, 4600, 4610, 4620, 4630, 4640, 4660, 4670, 4690, 4701, 4730, 4750, 4780, 4820, 4870, 4950, 5110, 9931, 33751]
                 avg          P99       P99.99         P100
Read         1.54μs      2.11μs      5.60μs       7.77ms
Write         4.42μs      5.13μs     11.47μs     33.75μs

=== bench_out5.dat ===
Monster: conflicts=187, sync_failures=302435, empty_requests=0, try_overtime=100874, check_overtime=100874, replicate_overtime=100687
Ops: 2010000  Time: 3.85s  Throughput: 521611.83 ops/sec
Dirty reads: 0 / 1909256 (0.000%)
read_lats: vec100: [1060, 1410, 1410, 1420, 1420, 1420, 1420, 1420, 1420, 1420, 1420, 1420, 1420, 1420, 1420, 1420, 1420, 1420, 1430, 1430, 1430, 1430, 1430, 1430, 1430, 1430, 1430, 1430, 1430, 1430, 1430, 1430, 1430, 1430, 1430, 1431, 1440, 1440, 1440, 1440, 1440, 1440, 1440, 1440, 1440, 1440, 1450, 1450, 1450, 1450, 1450, 1451, 1460, 1460, 1461, 1470, 1470, 1480, 1480, 1490, 1500, 1500, 1510, 1520, 1530, 1530, 1540, 1550, 1560, 1560, 1570, 1580, 1590, 1591, 1600, 1610, 1620, 1630, 1640, 1640, 1650, 1660, 1660, 1670, 1680, 1680, 1690, 1700, 1700, 1710, 1720, 1730, 1740, 1760, 1780, 1800, 1850, 1950, 2000, 2120, 6910, 7813535]
write_lats: vec100: [3600, 4050, 4100, 4120, 4140, 4160, 4180, 4200, 4210, 4220, 4231, 4250, 4260, 4260, 4270, 4280, 4280, 4290, 4290, 4300, 4300, 4310, 4310, 4311, 4320, 4320, 4330, 4330, 4340, 4340, 4340, 4350, 4350, 4351, 4360, 4360, 4370, 4370, 4370, 4380, 4380, 4381, 4390, 4390, 4400, 4400, 4410, 4410, 4420, 4420, 4430, 4430, 4440, 4440, 4450, 4450, 4460, 4461, 4470, 4480, 4480, 4490, 4490, 4500, 4501, 4510, 4520, 4520, 4530, 4530, 4540, 4550, 4550, 4560, 4570, 4570, 4580, 4590, 4600, 4600, 4610, 4620, 4630, 4640, 4650, 4660, 4670, 4680, 4700, 4710, 4730, 4750, 4770, 4790, 4820, 4850, 4890, 4940, 5021, 5210, 10070, 32001]
                 avg          P99       P99.99         P100
Read         1.54μs      2.12μs      5.65μs       7.81ms
Write         4.47μs      5.22μs     11.32μs     32.00μs

=== bench_out6.dat ===
Monster: conflicts=258, sync_failures=300954, empty_requests=0, try_overtime=100404, check_overtime=100404, replicate_overtime=100146
Ops: 2010000  Time: 3.83s  Throughput: 524606.02 ops/sec
Dirty reads: 0 / 1909791 (0.000%)
read_lats: vec100: [1030, 1410, 1420, 1420, 1420, 1420, 1420, 1420, 1420, 1420, 1420, 1420, 1420, 1420, 1420, 1430, 1430, 1430, 1430, 1430, 1430, 1430, 1430, 1430, 1430, 1430, 1430, 1430, 1430, 1430, 1430, 1430, 1430, 1431, 1440, 1440, 1440, 1440, 1440, 1440, 1440, 1440, 1440, 1440, 1440, 1450, 1450, 1450, 1450, 1450, 1450, 1460, 1460, 1460, 1470, 1470, 1470, 1480, 1481, 1490, 1500, 1500, 1510, 1520, 1530, 1530, 1540, 1550, 1560, 1560, 1570, 1580, 1590, 1600, 1600, 1610, 1620, 1630, 1640, 1640, 1650, 1660, 1660, 1670, 1680, 1680, 1690, 1700, 1700, 1710, 1720, 1730, 1740, 1760, 1780, 1800, 1840, 1940, 2000, 2110, 6310, 7796415]
write_lats: vec100: [3560, 4010, 4060, 4081, 4110, 4120, 4140, 4150, 4170, 4180, 4190, 4200, 4210, 4220, 4230, 4231, 4240, 4241, 4250, 4250, 4260, 4260, 4270, 4270, 4271, 4280, 4280, 4290, 4290, 4290, 4300, 4300, 4301, 4310, 4310, 4320, 4320, 4320, 4330, 4330, 4331, 4340, 4340, 4350, 4350, 4351, 4360, 4360, 4370, 4370, 4380, 4380, 4390, 4390, 4400, 4400, 4410, 4410, 4420, 4421, 4430, 4440, 4440, 4450, 4450, 4460, 4460, 4470, 4471, 4480, 4490, 4490, 4500, 4510, 4510, 4520, 4530, 4530, 4540, 4550, 4560, 4570, 4580, 4590, 4591, 4601, 4611, 4630, 4640, 4651, 4670, 4690, 4701, 4730, 4751, 4790, 4821, 4880, 4970, 5150, 11980, 33851]
                 avg          P99       P99.99         P100
Read         1.54μs      2.11μs      5.61μs       7.80ms
Write         4.42μs      5.16μs     11.51μs     33.85μs

=== bench_out7.dat ===
Monster: conflicts=270, sync_failures=302220, empty_requests=0, try_overtime=100830, check_overtime=100830, replicate_overtime=100560
Ops: 2010000  Time: 3.85s  Throughput: 522482.19 ops/sec
Dirty reads: 0 / 1909386 (0.000%)
read_lats: vec100: [1000, 1410, 1420, 1420, 1420, 1420, 1420, 1420, 1420, 1420, 1420, 1420, 1420, 1420, 1420, 1430, 1430, 1430, 1430, 1430, 1430, 1430, 1430, 1430, 1430, 1430, 1430, 1430, 1430, 1430, 1430, 1430, 1430, 1431, 1440, 1440, 1440, 1440, 1440, 1440, 1440, 1440, 1440, 1440, 1440, 1450, 1450, 1450, 1450, 1450, 1450, 1460, 1460, 1460, 1470, 1470, 1471, 1480, 1490, 1490, 1500, 1501, 1510, 1520, 1530, 1530, 1540, 1550, 1560, 1561, 1570, 1580, 1590, 1600, 1600, 1610, 1620, 1630, 1640, 1640, 1650, 1660, 1660, 1670, 1680, 1680, 1690, 1700, 1700, 1710, 1720, 1730, 1740, 1760, 1780, 1800, 1840, 1950, 2000, 2120, 6540, 7794265]
write_lats: vec100: [3590, 4010, 4060, 4080, 4100, 4120, 4140, 4150, 4170, 4180, 4190, 4210, 4211, 4220, 4230, 4240, 4240, 4250, 4250, 4260, 4260, 4261, 4270, 4270, 4280, 4280, 4290, 4290, 4290, 4300, 4300, 4301, 4310, 4310, 4320, 4320, 4320, 4330, 4330, 4331, 4340, 4340, 4350, 4350, 4351, 4360, 4360, 4370, 4370, 4380, 4380, 4390, 4390, 4400, 4400, 4410, 4420, 4420, 4430, 4430, 4440, 4440, 4450, 4450, 4460, 4461, 4470, 4480, 4480, 4490, 4490, 4500, 4510, 4510, 4520, 4530, 4530, 4540, 4550, 4551, 4560, 4570, 4580, 4590, 4600, 4610, 4620, 4630, 4650, 4660, 4680, 4690, 4710, 4731, 4760, 4790, 4830, 4890, 4971, 5171, 10950, 31771]
                 avg          P99       P99.99         P100
Read         1.54μs      2.12μs      5.74μs       7.79ms
Write         4.43μs      5.18μs     11.18μs     31.77μs

=== bench_out8.dat ===
Monster: conflicts=336, sync_failures=301914, empty_requests=0, try_overtime=100750, check_overtime=100750, replicate_overtime=100414
Ops: 2010000  Time: 3.87s  Throughput: 519422.14 ops/sec
Dirty reads: 0 / 1909507 (0.000%)
read_lats: vec100: [1050, 1420, 1420, 1420, 1420, 1420, 1430, 1430, 1430, 1430, 1430, 1430, 1430, 1430, 1430, 1430, 1430, 1430, 1430, 1430, 1430, 1430, 1440, 1440, 1440, 1440, 1440, 1440, 1440, 1440, 1440, 1440, 1440, 1440, 1440, 1440, 1440, 1440, 1441, 1450, 1450, 1450, 1450, 1450, 1450, 1450, 1450, 1450, 1460, 1460, 1460, 1460, 1470, 1470, 1470, 1480, 1480, 1490, 1490, 1500, 1500, 1510, 1520, 1530, 1530, 1540, 1550, 1560, 1560, 1570, 1580, 1590, 1590, 1600, 1610, 1620, 1630, 1630, 1640, 1650, 1660, 1660, 1670, 1680, 1680, 1690, 1700, 1700, 1710, 1720, 1730, 1740, 1750, 1770, 1790, 1810, 1860, 1980, 2010, 2150, 17141, 7859696]
write_lats: vec100: [3590, 4020, 4061, 4090, 4110, 4130, 4150, 4160, 4180, 4190, 4210, 4220, 4230, 4230, 4240, 4250, 4250, 4260, 4260, 4270, 4270, 4270, 4280, 4280, 4290, 4290, 4290, 4300, 4300, 4301, 4310, 4310, 4320, 4320, 4321, 4330, 4330, 4340, 4340, 4340, 4350, 4350, 4351, 4360, 4360, 4370, 4370, 4380, 4380, 4390, 4390, 4400, 4400, 4410, 4411, 4420, 4430, 4430, 4440, 4441, 4450, 4460, 4460, 4470, 4470, 4480, 4480, 4490, 4491, 4500, 4510, 4511, 4520, 4530, 4540, 4540, 4550, 4560, 4570, 4570, 4580, 4590, 4600, 4610, 4620, 4630, 4640, 4651, 4670, 4681, 4700, 4720, 4740, 4770, 4790, 4830, 4870, 4930, 5020, 5260, 9580, 37271]
                 avg          P99       P99.99         P100
Read         1.55μs      2.15μs      6.03μs       7.86ms
Write         4.45μs      5.30μs     11.52μs     37.27μs

Average throughput across all outputs: 520537.78
Average read latency across all outputs: 1.54 us
Average write latency across all outputs: 4.45 us
