Date: 20260519_1621
YCSB workload: workloadb_16_medium

============= RepCXL configuration =============
processes = "0-8"
logger_cluster_size = 3
algorithm = "lock"
pipeline = false
round_time = 1300 
read_retries = 10
core_affinity = "20-120" 
============= Benchmark Results =============

=== bench_out0.dat ===
Ops: 2010000  Time: 9.53s  Throughput: 210963.25 ops/sec
Dirty reads: 0 / 1909735 (0.000%)
read_lats: vec100: [3090, 4100, 4120, 4150, 4210, 4290, 4330, 4331, 4340, 4340, 4350, 4350, 4350, 4350, 4360, 4360, 4360, 4360, 4361, 4370, 4370, 4370, 4370, 4371, 4380, 4380, 4380, 4380, 4380, 4390, 4390, 4390, 4390, 4390, 4390, 4400, 4400, 4400, 4400, 4400, 4401, 4410, 4410, 4410, 4410, 4420, 4420, 4420, 4430, 4430, 4440, 4440, 4450, 4450, 4460, 4470, 4470, 4480, 4480, 4490, 4491, 4500, 4510, 4511, 4520, 4530, 4531, 4540, 4550, 4560, 4561, 4570, 4580, 4590, 4600, 4610, 4610, 4620, 4630, 4640, 4641, 4650, 4660, 4670, 4680, 4690, 4700, 4710, 4720, 4740, 4750, 4770, 4790, 4820, 4850, 4890, 4940, 5011, 5191, 7000, 20451, 8378877]
write_lats: vec100: [2530, 2850, 2930, 2950, 2970, 3000, 3040, 3060, 3070, 3080, 3090, 3090, 3100, 3100, 3100, 3110, 3110, 3110, 3120, 3120, 3121, 3130, 3140, 3140, 3150, 3160, 3160, 3170, 3170, 3170, 3180, 3180, 3180, 3180, 3180, 3190, 3190, 3190, 3190, 3190, 3200, 3200, 3200, 3200, 3200, 3201, 3210, 3210, 3210, 3210, 3220, 3220, 3220, 3220, 3230, 3230, 3230, 3230, 3240, 3240, 3240, 3240, 3241, 3250, 3250, 3250, 3260, 3260, 3270, 3270, 3280, 3281, 3290, 3300, 3300, 3310, 3320, 3330, 3331, 3340, 3350, 3360, 3370, 3380, 3390, 3391, 3410, 3420, 3430, 3440, 3451, 3470, 3490, 3510, 3530, 3560, 3590, 3640, 3710, 3940, 6961, 1793704]
                 avg          P99       P99.99         P100
Read         4.55μs      7.00μs     16.05μs       8.38ms
Write         3.27μs      3.98μs      8.67μs       1.79ms

=== bench_out1.dat ===
Ops: 2010000  Time: 9.49s  Throughput: 211876.18 ops/sec
Dirty reads: 0 / 1909660 (0.000%)
read_lats: vec100: [3140, 4100, 4130, 4150, 4200, 4270, 4330, 4330, 4340, 4340, 4341, 4350, 4350, 4350, 4351, 4360, 4360, 4360, 4360, 4370, 4370, 4370, 4370, 4370, 4380, 4380, 4380, 4380, 4380, 4381, 4390, 4390, 4390, 4390, 4390, 4391, 4400, 4400, 4400, 4400, 4401, 4410, 4410, 4410, 4410, 4420, 4420, 4420, 4430, 4430, 4440, 4440, 4450, 4450, 4460, 4461, 4470, 4480, 4480, 4490, 4491, 4500, 4510, 4510, 4520, 4530, 4530, 4540, 4550, 4560, 4560, 4570, 4580, 4590, 4600, 4610, 4610, 4620, 4630, 4640, 4640, 4650, 4660, 4670, 4680, 4690, 4700, 4710, 4720, 4740, 4750, 4770, 4790, 4820, 4850, 4890, 4940, 5010, 5190, 7011, 19281, 8126281]
write_lats: vec100: [2480, 2850, 2920, 2940, 2960, 2990, 3020, 3050, 3070, 3080, 3080, 3090, 3090, 3100, 3100, 3100, 3110, 3110, 3111, 3120, 3120, 3130, 3130, 3140, 3150, 3151, 3160, 3160, 3170, 3170, 3170, 3180, 3180, 3180, 3180, 3181, 3190, 3190, 3190, 3190, 3190, 3200, 3200, 3200, 3200, 3200, 3201, 3210, 3210, 3210, 3210, 3220, 3220, 3220, 3220, 3230, 3230, 3230, 3230, 3231, 3240, 3240, 3240, 3250, 3250, 3250, 3260, 3260, 3270, 3270, 3280, 3280, 3290, 3300, 3300, 3310, 3320, 3330, 3330, 3340, 3350, 3360, 3370, 3370, 3380, 3390, 3400, 3411, 3430, 3440, 3450, 3470, 3480, 3500, 3520, 3550, 3590, 3631, 3710, 3980, 6491, 37211]
                 avg          P99       P99.99         P100
Read         4.55μs      7.02μs     16.30μs       8.13ms
Write         3.25μs      4.01μs      7.86μs     37.21μs

=== bench_out2.dat ===
Ops: 2010000  Time: 9.50s  Throughput: 211510.20 ops/sec
Dirty reads: 0 / 1909809 (0.000%)
read_lats: vec100: [3160, 4110, 4120, 4140, 4160, 4220, 4280, 4340, 4350, 4350, 4350, 4360, 4360, 4360, 4360, 4361, 4370, 4370, 4370, 4370, 4370, 4370, 4380, 4380, 4380, 4380, 4380, 4380, 4380, 4381, 4390, 4390, 4390, 4390, 4390, 4390, 4391, 4400, 4400, 4400, 4400, 4400, 4410, 4410, 4410, 4410, 4420, 4420, 4421, 4430, 4440, 4440, 4450, 4450, 4460, 4461, 4470, 4480, 4480, 4490, 4491, 4500, 4510, 4510, 4520, 4530, 4530, 4540, 4550, 4560, 4561, 4570, 4580, 4590, 4600, 4610, 4611, 4620, 4630, 4640, 4650, 4650, 4660, 4670, 4680, 4681, 4700, 4710, 4720, 4740, 4750, 4770, 4790, 4820, 4850, 4890, 4940, 5010, 5190, 7001, 58771, 8168162]
write_lats: vec100: [2530, 2840, 2890, 2940, 2950, 2970, 2990, 3030, 3060, 3080, 3080, 3090, 3090, 3100, 3100, 3100, 3110, 3110, 3110, 3111, 3120, 3120, 3130, 3130, 3140, 3150, 3160, 3170, 3170, 3180, 3180, 3180, 3180, 3181, 3190, 3190, 3190, 3190, 3190, 3191, 3200, 3200, 3200, 3200, 3200, 3201, 3210, 3210, 3210, 3210, 3210, 3220, 3220, 3220, 3220, 3221, 3230, 3230, 3230, 3230, 3240, 3240, 3240, 3240, 3250, 3250, 3250, 3260, 3261, 3270, 3280, 3280, 3290, 3300, 3300, 3310, 3320, 3320, 3330, 3340, 3350, 3360, 3360, 3370, 3380, 3390, 3400, 3410, 3420, 3440, 3450, 3460, 3480, 3500, 3520, 3550, 3580, 3630, 3700, 3900, 6000, 20461]
                 avg          P99       P99.99         P100
Read         4.55μs      7.01μs     16.39μs       8.17ms
Write         3.25μs      3.96μs      8.94μs     20.46μs

=== bench_out3.dat ===
Ops: 2010000  Time: 9.50s  Throughput: 211561.51 ops/sec
Dirty reads: 0 / 1909641 (0.000%)
read_lats: vec100: [3150, 4110, 4130, 4140, 4180, 4250, 4330, 4340, 4350, 4350, 4351, 4360, 4360, 4360, 4360, 4370, 4370, 4370, 4370, 4370, 4370, 4371, 4380, 4380, 4380, 4380, 4380, 4380, 4380, 4381, 4390, 4390, 4390, 4390, 4390, 4390, 4400, 4400, 4400, 4400, 4400, 4401, 4410, 4410, 4410, 4411, 4420, 4420, 4430, 4430, 4440, 4440, 4450, 4450, 4460, 4470, 4470, 4480, 4480, 4490, 4500, 4500, 4510, 4511, 4520, 4530, 4530, 4540, 4550, 4560, 4570, 4570, 4580, 4590, 4600, 4610, 4611, 4620, 4630, 4640, 4650, 4650, 4660, 4670, 4680, 4681, 4700, 4710, 4720, 4740, 4750, 4770, 4790, 4820, 4850, 4890, 4940, 5010, 5180, 6990, 19630, 8173942]
write_lats: vec100: [2470, 2840, 2910, 2940, 2950, 2980, 3020, 3050, 3070, 3080, 3090, 3090, 3100, 3100, 3100, 3110, 3110, 3110, 3120, 3120, 3120, 3130, 3131, 3141, 3160, 3170, 3170, 3171, 3180, 3180, 3180, 3180, 3190, 3190, 3190, 3190, 3190, 3190, 3191, 3200, 3200, 3200, 3200, 3200, 3201, 3210, 3210, 3210, 3210, 3211, 3220, 3220, 3220, 3220, 3230, 3230, 3230, 3230, 3231, 3240, 3240, 3240, 3250, 3250, 3260, 3260, 3270, 3280, 3280, 3290, 3300, 3300, 3310, 3320, 3330, 3330, 3340, 3350, 3360, 3361, 3370, 3380, 3390, 3400, 3410, 3420, 3430, 3440, 3450, 3470, 3480, 3500, 3520, 3540, 3560, 3590, 3630, 3680, 3760, 3980, 6260, 1964369]
                 avg          P99       P99.99         P100
Read         4.55μs      6.99μs     15.95μs       8.17ms
Write         3.28μs      4.02μs      8.49μs       1.96ms

=== bench_out4.dat ===
Ops: 2010000  Time: 9.48s  Throughput: 212083.27 ops/sec
Dirty reads: 0 / 1909447 (0.000%)
read_lats: vec100: [3070, 4080, 4110, 4150, 4191, 4280, 4310, 4310, 4320, 4320, 4330, 4330, 4330, 4331, 4340, 4340, 4340, 4350, 4350, 4350, 4350, 4360, 4360, 4360, 4360, 4361, 4370, 4370, 4370, 4371, 4380, 4380, 4380, 4381, 4390, 4390, 4390, 4391, 4400, 4400, 4400, 4401, 4410, 4410, 4410, 4411, 4420, 4420, 4420, 4430, 4430, 4430, 4440, 4440, 4450, 4450, 4460, 4461, 4470, 4480, 4481, 4490, 4500, 4510, 4510, 4520, 4530, 4540, 4540, 4550, 4560, 4570, 4580, 4580, 4590, 4600, 4610, 4620, 4620, 4630, 4640, 4650, 4660, 4661, 4670, 4680, 4690, 4701, 4720, 4731, 4750, 4770, 4790, 4820, 4850, 4890, 4940, 5020, 5210, 6990, 19501, 8189662]
write_lats: vec100: [2420, 2840, 2910, 2930, 2951, 2990, 3020, 3040, 3050, 3060, 3070, 3070, 3080, 3080, 3090, 3090, 3090, 3100, 3100, 3110, 3111, 3120, 3121, 3130, 3140, 3140, 3150, 3150, 3150, 3160, 3160, 3160, 3160, 3160, 3170, 3170, 3170, 3170, 3170, 3170, 3180, 3180, 3180, 3180, 3190, 3190, 3190, 3191, 3200, 3200, 3210, 3210, 3210, 3220, 3220, 3220, 3230, 3230, 3230, 3230, 3231, 3240, 3240, 3240, 3240, 3241, 3250, 3250, 3250, 3260, 3261, 3270, 3280, 3280, 3290, 3300, 3310, 3310, 3320, 3330, 3340, 3350, 3350, 3360, 3370, 3380, 3390, 3400, 3411, 3430, 3440, 3460, 3470, 3490, 3510, 3540, 3580, 3620, 3700, 4010, 6320, 15730]
                 avg          P99       P99.99         P100
Read         4.54μs      6.99μs     16.14μs       8.19ms
Write         3.24μs      4.08μs      7.24μs     15.73μs

=== bench_out5.dat ===
Ops: 2010000  Time: 9.45s  Throughput: 212648.50 ops/sec
Dirty reads: 0 / 1909470 (0.000%)
read_lats: vec100: [3080, 4070, 4100, 4130, 4180, 4251, 4300, 4300, 4310, 4310, 4311, 4320, 4320, 4320, 4330, 4330, 4330, 4331, 4340, 4340, 4340, 4341, 4350, 4350, 4350, 4351, 4360, 4360, 4360, 4361, 4370, 4370, 4370, 4371, 4380, 4380, 4380, 4380, 4390, 4390, 4390, 4390, 4400, 4400, 4400, 4400, 4410, 4410, 4410, 4411, 4420, 4420, 4430, 4430, 4440, 4440, 4450, 4450, 4460, 4461, 4470, 4480, 4481, 4490, 4500, 4510, 4510, 4520, 4530, 4540, 4540, 4550, 4560, 4570, 4580, 4581, 4590, 4600, 4610, 4620, 4620, 4630, 4640, 4650, 4660, 4670, 4680, 4690, 4700, 4720, 4730, 4750, 4771, 4800, 4830, 4870, 4920, 4990, 5170, 6970, 18851, 8195203]
write_lats: vec100: [2510, 2840, 2901, 2930, 2950, 2990, 3020, 3040, 3050, 3060, 3070, 3070, 3080, 3080, 3090, 3090, 3100, 3100, 3110, 3110, 3120, 3120, 3130, 3130, 3140, 3140, 3150, 3150, 3151, 3160, 3160, 3160, 3160, 3170, 3170, 3170, 3170, 3170, 3170, 3180, 3180, 3180, 3180, 3181, 3190, 3190, 3190, 3200, 3200, 3200, 3210, 3210, 3220, 3220, 3220, 3230, 3230, 3230, 3230, 3231, 3240, 3240, 3240, 3240, 3241, 3250, 3250, 3250, 3260, 3260, 3270, 3270, 3280, 3290, 3290, 3300, 3310, 3320, 3320, 3330, 3340, 3350, 3360, 3361, 3370, 3380, 3390, 3401, 3420, 3430, 3440, 3460, 3470, 3490, 3510, 3540, 3570, 3620, 3700, 3960, 6670, 870602]
                 avg          P99       P99.99         P100
Read         4.53μs      6.97μs     16.36μs       8.20ms
Write         3.25μs      3.99μs      8.64μs    870.60μs

=== bench_out6.dat ===
Ops: 2010000  Time: 9.45s  Throughput: 212764.49 ops/sec
Dirty reads: 0 / 1909339 (0.000%)
read_lats: vec100: [3110, 4080, 4100, 4140, 4190, 4270, 4300, 4310, 4320, 4320, 4320, 4330, 4330, 4330, 4330, 4340, 4340, 4340, 4340, 4341, 4350, 4350, 4350, 4350, 4360, 4360, 4360, 4360, 4370, 4370, 4370, 4370, 4371, 4380, 4380, 4380, 4380, 4390, 4390, 4390, 4390, 4391, 4400, 4400, 4400, 4400, 4410, 4410, 4410, 4420, 4420, 4420, 4430, 4430, 4440, 4441, 4450, 4460, 4460, 4470, 4470, 4480, 4490, 4490, 4500, 4510, 4520, 4520, 4530, 4540, 4550, 4550, 4560, 4570, 4580, 4590, 4591, 4600, 4610, 4620, 4630, 4630, 4640, 4650, 4660, 4670, 4680, 4690, 4700, 4720, 4740, 4751, 4780, 4800, 4830, 4870, 4920, 4990, 5170, 6970, 20451, 8218133]
write_lats: vec100: [2520, 2840, 2911, 2940, 2960, 2991, 3030, 3050, 3060, 3070, 3070, 3080, 3080, 3090, 3090, 3090, 3100, 3100, 3110, 3110, 3120, 3120, 3130, 3140, 3140, 3150, 3150, 3151, 3160, 3160, 3160, 3170, 3170, 3170, 3170, 3170, 3180, 3180, 3180, 3180, 3180, 3190, 3190, 3190, 3190, 3190, 3200, 3200, 3200, 3210, 3210, 3210, 3220, 3220, 3220, 3221, 3230, 3230, 3230, 3230, 3231, 3240, 3240, 3240, 3240, 3250, 3250, 3250, 3260, 3270, 3270, 3280, 3281, 3290, 3300, 3310, 3310, 3320, 3330, 3340, 3341, 3350, 3360, 3370, 3380, 3390, 3400, 3410, 3420, 3431, 3450, 3460, 3480, 3491, 3520, 3541, 3580, 3630, 3710, 3980, 6370, 873942]
                 avg          P99       P99.99         P100
Read         4.53μs      6.97μs     16.40μs       8.22ms
Write         3.25μs      4.04μs      8.63μs    873.94μs

=== bench_out7.dat ===
Ops: 2010000  Time: 9.45s  Throughput: 212668.91 ops/sec
Dirty reads: 0 / 1909497 (0.000%)
read_lats: vec100: [3080, 4080, 4100, 4121, 4150, 4200, 4270, 4310, 4310, 4320, 4320, 4320, 4321, 4330, 4330, 4330, 4340, 4340, 4340, 4340, 4350, 4350, 4350, 4350, 4360, 4360, 4360, 4360, 4370, 4370, 4370, 4370, 4371, 4380, 4380, 4380, 4380, 4381, 4390, 4390, 4390, 4390, 4400, 4400, 4400, 4400, 4401, 4410, 4410, 4410, 4420, 4420, 4430, 4430, 4440, 4440, 4450, 4450, 4460, 4470, 4470, 4480, 4481, 4490, 4500, 4510, 4510, 4520, 4530, 4540, 4541, 4550, 4560, 4570, 4580, 4590, 4590, 4600, 4610, 4620, 4621, 4630, 4640, 4650, 4660, 4670, 4680, 4690, 4700, 4720, 4731, 4750, 4771, 4800, 4830, 4870, 4920, 4990, 5161, 6990, 17971, 8226933]
write_lats: vec100: [2500, 2830, 2890, 2920, 2940, 2960, 2990, 3020, 3040, 3051, 3061, 3070, 3080, 3080, 3081, 3090, 3090, 3100, 3100, 3110, 3110, 3120, 3120, 3130, 3130, 3140, 3140, 3150, 3150, 3160, 3160, 3160, 3160, 3170, 3170, 3170, 3170, 3171, 3180, 3180, 3180, 3180, 3181, 3190, 3190, 3190, 3190, 3200, 3200, 3200, 3201, 3210, 3210, 3210, 3220, 3220, 3220, 3220, 3230, 3230, 3230, 3230, 3231, 3240, 3240, 3240, 3250, 3250, 3250, 3260, 3261, 3270, 3280, 3281, 3290, 3300, 3310, 3310, 3320, 3330, 3340, 3350, 3360, 3360, 3370, 3380, 3390, 3400, 3420, 3430, 3440, 3460, 3470, 3490, 3510, 3540, 3570, 3620, 3700, 3980, 10560, 15530]
                 avg          P99       P99.99         P100
Read         4.53μs      6.99μs     16.22μs       8.23ms
Write         3.24μs      3.98μs      7.54μs     15.53μs

=== bench_out8.dat ===
Ops: 2010000  Time: 9.47s  Throughput: 212191.00 ops/sec
Dirty reads: 0 / 1909226 (0.000%)
read_lats: vec100: [3071, 4090, 4110, 4140, 4190, 4270, 4320, 4320, 4330, 4330, 4330, 4340, 4340, 4340, 4341, 4350, 4350, 4350, 4350, 4351, 4360, 4360, 4360, 4360, 4361, 4370, 4370, 4370, 4370, 4370, 4371, 4380, 4380, 4380, 4380, 4380, 4390, 4390, 4390, 4390, 4390, 4391, 4400, 4400, 4400, 4400, 4410, 4410, 4410, 4420, 4420, 4430, 4430, 4440, 4440, 4450, 4460, 4460, 4470, 4470, 4480, 4490, 4490, 4500, 4510, 4510, 4520, 4530, 4540, 4540, 4550, 4560, 4570, 4580, 4581, 4590, 4600, 4610, 4620, 4621, 4630, 4640, 4650, 4651, 4660, 4670, 4680, 4691, 4710, 4721, 4740, 4760, 4780, 4810, 4840, 4880, 4930, 5000, 5190, 6980, 21211, 8276845]
write_lats: vec100: [2531, 2860, 2930, 2960, 2971, 3010, 3040, 3070, 3080, 3090, 3091, 3100, 3100, 3110, 3110, 3110, 3120, 3120, 3130, 3130, 3131, 3140, 3150, 3160, 3160, 3170, 3170, 3180, 3180, 3180, 3190, 3190, 3190, 3190, 3190, 3200, 3200, 3200, 3200, 3200, 3201, 3210, 3210, 3210, 3210, 3211, 3220, 3220, 3220, 3220, 3230, 3230, 3230, 3231, 3240, 3240, 3240, 3240, 3250, 3250, 3250, 3250, 3260, 3260, 3260, 3270, 3270, 3280, 3281, 3290, 3300, 3310, 3310, 3320, 3330, 3330, 3340, 3350, 3360, 3360, 3370, 3380, 3390, 3400, 3410, 3420, 3430, 3440, 3450, 3460, 3480, 3490, 3510, 3530, 3560, 3581, 3620, 3670, 3750, 4001, 6350, 24730]
                 avg          P99       P99.99         P100
Read         4.54μs      6.98μs     15.81μs       8.28ms
Write         3.27μs      4.05μs      8.59μs     24.73μs

Average throughput across all outputs: 212029.00
Average read latency across all outputs: 4.54 us
Average write latency across all outputs: 3.26 us
