Date: 20260519_1628
YCSB workload: workloadb_16_medium

============= RepCXL configuration =============
processes = "0-8"
logger_cluster_size = 3
algorithm = "fmonster"
pipeline = false
round_time = 10 
read_retries = 10
core_affinity = "20-120" 
============= Benchmark Results =============

=== bench_out0.dat ===
Monster: conflicts=0, sync_failures=300795, empty_requests=0, try_overtime=100265, check_overtime=100265, replicate_overtime=100265
Ops: 2010000  Time: 3.52s  Throughput: 571430.48 ops/sec
Dirty reads: 0 / 1909735 (0.000%)
read_lats: vec100: [880, 1210, 1310, 1310, 1310, 1310, 1310, 1310, 1310, 1310, 1320, 1320, 1320, 1320, 1320, 1320, 1320, 1320, 1320, 1320, 1320, 1320, 1320, 1320, 1320, 1320, 1320, 1320, 1320, 1320, 1320, 1320, 1320, 1320, 1320, 1320, 1320, 1320, 1320, 1320, 1320, 1320, 1320, 1320, 1320, 1320, 1320, 1321, 1321, 1330, 1330, 1330, 1330, 1330, 1330, 1330, 1330, 1330, 1330, 1330, 1330, 1330, 1330, 1330, 1330, 1330, 1330, 1330, 1330, 1330, 1330, 1330, 1330, 1330, 1331, 1340, 1340, 1340, 1340, 1350, 1350, 1360, 1370, 1390, 1400, 1410, 1420, 1430, 1440, 1460, 1470, 1490, 1510, 1520, 1540, 1560, 1580, 1600, 1620, 1670, 8200, 29511]
write_lats: vec100: [3421, 3840, 3880, 3910, 3930, 3940, 3951, 3970, 3980, 3990, 4000, 4010, 4020, 4030, 4040, 4040, 4050, 4060, 4060, 4070, 4070, 4080, 4080, 4081, 4090, 4090, 4100, 4100, 4100, 4110, 4110, 4111, 4120, 4120, 4121, 4130, 4130, 4131, 4140, 4140, 4140, 4150, 4150, 4150, 4151, 4160, 4160, 4160, 4170, 4170, 4170, 4180, 4180, 4180, 4181, 4190, 4190, 4190, 4200, 4200, 4200, 4201, 4210, 4210, 4220, 4220, 4230, 4230, 4240, 4241, 4250, 4260, 4261, 4270, 4280, 4280, 4290, 4300, 4301, 4310, 4320, 4330, 4340, 4350, 4360, 4370, 4380, 4390, 4401, 4420, 4430, 4441, 4460, 4480, 4500, 4520, 4550, 4590, 4650, 4740, 7691, 11951]
                 avg          P99       P99.99         P100
Read         1.36μs      1.67μs      5.50μs     29.51μs
Write         4.20μs      4.76μs     10.22μs     11.95μs

=== bench_out1.dat ===
Monster: conflicts=35, sync_failures=301036, empty_requests=0, try_overtime=100357, check_overtime=100357, replicate_overtime=100322
Ops: 2010000  Time: 3.46s  Throughput: 581271.11 ops/sec
Dirty reads: 0 / 1909660 (0.000%)
read_lats: vec100: [910, 1240, 1310, 1310, 1310, 1310, 1310, 1310, 1310, 1310, 1311, 1320, 1320, 1320, 1320, 1320, 1320, 1320, 1320, 1320, 1320, 1320, 1320, 1320, 1320, 1320, 1320, 1320, 1320, 1320, 1320, 1320, 1320, 1320, 1320, 1320, 1320, 1320, 1320, 1320, 1320, 1320, 1320, 1320, 1320, 1320, 1320, 1320, 1321, 1330, 1330, 1330, 1330, 1330, 1330, 1330, 1330, 1330, 1330, 1330, 1330, 1330, 1330, 1330, 1330, 1330, 1330, 1330, 1330, 1330, 1330, 1330, 1330, 1330, 1330, 1331, 1340, 1340, 1340, 1340, 1350, 1360, 1370, 1380, 1390, 1410, 1420, 1430, 1440, 1450, 1470, 1490, 1500, 1520, 1540, 1560, 1570, 1590, 1610, 1670, 7610, 7655551]
write_lats: vec100: [3300, 3830, 3871, 3900, 3920, 3940, 3950, 3960, 3970, 3980, 3990, 4000, 4020, 4030, 4030, 4040, 4050, 4050, 4060, 4060, 4070, 4070, 4080, 4080, 4080, 4090, 4090, 4091, 4100, 4100, 4100, 4110, 4110, 4110, 4120, 4120, 4120, 4121, 4130, 4130, 4130, 4140, 4140, 4140, 4150, 4150, 4150, 4151, 4160, 4160, 4160, 4170, 4170, 4170, 4180, 4180, 4180, 4190, 4190, 4190, 4200, 4200, 4210, 4210, 4220, 4220, 4230, 4231, 4240, 4250, 4250, 4260, 4270, 4270, 4280, 4290, 4290, 4300, 4310, 4311, 4320, 4330, 4340, 4350, 4360, 4370, 4380, 4390, 4400, 4410, 4430, 4440, 4460, 4471, 4491, 4520, 4550, 4590, 4641, 4750, 9001, 17011]
                 avg          P99       P99.99         P100
Read         1.36μs      1.67μs      5.55μs       7.66ms
Write         4.20μs      4.75μs     11.05μs     17.01μs

=== bench_out2.dat ===
Monster: conflicts=81, sync_failures=300609, empty_requests=0, try_overtime=100230, check_overtime=100230, replicate_overtime=100149
Ops: 2010000  Time: 3.51s  Throughput: 573067.17 ops/sec
Dirty reads: 0 / 1909809 (0.000%)
read_lats: vec100: [910, 1240, 1310, 1310, 1320, 1320, 1320, 1320, 1320, 1320, 1320, 1320, 1320, 1320, 1320, 1320, 1320, 1320, 1320, 1320, 1320, 1320, 1320, 1320, 1320, 1320, 1320, 1320, 1320, 1320, 1320, 1320, 1320, 1320, 1320, 1320, 1320, 1321, 1330, 1330, 1330, 1330, 1330, 1330, 1330, 1330, 1330, 1330, 1330, 1330, 1330, 1330, 1330, 1330, 1330, 1330, 1330, 1330, 1330, 1330, 1330, 1330, 1330, 1330, 1330, 1330, 1330, 1330, 1330, 1330, 1330, 1331, 1340, 1340, 1340, 1340, 1340, 1340, 1340, 1350, 1360, 1360, 1371, 1390, 1400, 1410, 1420, 1430, 1450, 1460, 1480, 1490, 1510, 1530, 1540, 1560, 1580, 1600, 1620, 1670, 23441, 8018410]
write_lats: vec100: [3440, 3830, 3871, 3900, 3930, 3940, 3950, 3960, 3970, 3980, 3990, 4010, 4020, 4030, 4040, 4050, 4050, 4060, 4060, 4070, 4070, 4080, 4080, 4081, 4090, 4090, 4100, 4100, 4101, 4110, 4110, 4111, 4120, 4120, 4121, 4130, 4130, 4131, 4140, 4140, 4141, 4150, 4150, 4151, 4160, 4160, 4160, 4170, 4170, 4170, 4170, 4180, 4180, 4180, 4180, 4190, 4190, 4190, 4190, 4200, 4200, 4201, 4210, 4210, 4220, 4220, 4230, 4240, 4240, 4250, 4260, 4260, 4270, 4280, 4280, 4290, 4300, 4300, 4310, 4320, 4330, 4340, 4340, 4350, 4360, 4370, 4380, 4390, 4410, 4420, 4430, 4450, 4460, 4480, 4500, 4530, 4551, 4600, 4651, 4750, 7920, 14510]
                 avg          P99       P99.99         P100
Read         1.37μs      1.67μs      5.75μs       8.02ms
Write         4.20μs      4.77μs     10.74μs     14.51μs

=== bench_out3.dat ===
Monster: conflicts=116, sync_failures=301150, empty_requests=0, try_overtime=100422, check_overtime=100422, replicate_overtime=100306
Ops: 2010000  Time: 3.47s  Throughput: 579083.91 ops/sec
Dirty reads: 0 / 1909641 (0.000%)
read_lats: vec100: [890, 1210, 1310, 1310, 1310, 1310, 1320, 1320, 1320, 1320, 1320, 1320, 1320, 1320, 1320, 1320, 1320, 1320, 1320, 1320, 1320, 1320, 1320, 1320, 1320, 1320, 1320, 1320, 1320, 1320, 1320, 1320, 1320, 1320, 1320, 1320, 1320, 1320, 1321, 1330, 1330, 1330, 1330, 1330, 1330, 1330, 1330, 1330, 1330, 1330, 1330, 1330, 1330, 1330, 1330, 1330, 1330, 1330, 1330, 1330, 1330, 1330, 1330, 1330, 1330, 1330, 1330, 1330, 1330, 1330, 1331, 1340, 1340, 1340, 1340, 1340, 1340, 1340, 1340, 1350, 1350, 1360, 1370, 1381, 1400, 1410, 1420, 1430, 1440, 1460, 1470, 1490, 1510, 1520, 1540, 1560, 1580, 1600, 1620, 1670, 7991, 1768864]
write_lats: vec100: [3480, 3850, 3880, 3910, 3930, 3940, 3950, 3961, 3980, 3990, 4000, 4010, 4021, 4030, 4040, 4050, 4050, 4060, 4060, 4060, 4070, 4070, 4080, 4080, 4080, 4090, 4090, 4091, 4100, 4100, 4100, 4110, 4110, 4110, 4110, 4110, 4120, 4120, 4120, 4120, 4121, 4130, 4130, 4130, 4131, 4140, 4140, 4140, 4150, 4150, 4150, 4160, 4160, 4161, 4170, 4170, 4180, 4180, 4181, 4190, 4190, 4200, 4200, 4210, 4211, 4220, 4230, 4230, 4240, 4250, 4250, 4260, 4261, 4270, 4280, 4280, 4290, 4291, 4300, 4310, 4320, 4320, 4330, 4340, 4350, 4360, 4370, 4381, 4400, 4410, 4420, 4440, 4451, 4470, 4490, 4520, 4550, 4591, 4650, 4760, 8851, 7762504]
                 avg          P99       P99.99         P100
Read         1.36μs      1.67μs      5.43μs       1.77ms
Write         4.28μs      4.77μs     10.84μs       7.76ms

=== bench_out4.dat ===
Monster: conflicts=139, sync_failures=301802, empty_requests=0, try_overtime=100647, check_overtime=100647, replicate_overtime=100508
Ops: 2010000  Time: 3.46s  Throughput: 581149.58 ops/sec
Dirty reads: 0 / 1909447 (0.000%)
read_lats: vec100: [890, 1210, 1300, 1300, 1300, 1300, 1310, 1310, 1310, 1310, 1310, 1310, 1310, 1310, 1310, 1310, 1310, 1310, 1310, 1310, 1310, 1310, 1310, 1310, 1310, 1310, 1310, 1310, 1310, 1310, 1310, 1310, 1310, 1310, 1310, 1310, 1310, 1310, 1311, 1320, 1320, 1320, 1320, 1320, 1320, 1320, 1320, 1320, 1320, 1320, 1320, 1320, 1320, 1320, 1320, 1320, 1320, 1320, 1320, 1320, 1320, 1320, 1320, 1320, 1320, 1320, 1320, 1320, 1320, 1321, 1330, 1330, 1330, 1330, 1330, 1330, 1331, 1340, 1350, 1350, 1360, 1370, 1380, 1390, 1400, 1410, 1420, 1430, 1440, 1450, 1470, 1480, 1500, 1520, 1540, 1550, 1570, 1590, 1610, 1660, 7130, 7860896]
write_lats: vec100: [3441, 3820, 3860, 3890, 3910, 3920, 3940, 3950, 3960, 3970, 3980, 3990, 4000, 4010, 4020, 4030, 4030, 4040, 4050, 4050, 4060, 4060, 4060, 4070, 4070, 4080, 4080, 4080, 4090, 4090, 4091, 4100, 4100, 4110, 4110, 4110, 4111, 4120, 4120, 4120, 4130, 4130, 4130, 4140, 4140, 4140, 4150, 4150, 4150, 4160, 4160, 4160, 4170, 4170, 4170, 4180, 4180, 4180, 4190, 4190, 4200, 4200, 4210, 4210, 4220, 4220, 4230, 4231, 4240, 4250, 4250, 4260, 4270, 4270, 4280, 4290, 4291, 4300, 4310, 4320, 4320, 4330, 4340, 4350, 4360, 4370, 4380, 4390, 4401, 4420, 4430, 4450, 4460, 4480, 4500, 4530, 4560, 4610, 4670, 4790, 9241, 35211]
                 avg          P99       P99.99         P100
Read         1.35μs      1.66μs      5.36μs       7.86ms
Write         4.20μs      4.80μs     10.88μs     35.21μs

=== bench_out5.dat ===
Monster: conflicts=218, sync_failures=301864, empty_requests=0, try_overtime=100694, check_overtime=100694, replicate_overtime=100476
Ops: 2010000  Time: 3.44s  Throughput: 583752.00 ops/sec
Dirty reads: 0 / 1909470 (0.000%)
read_lats: vec100: [870, 1200, 1300, 1300, 1300, 1300, 1310, 1310, 1310, 1310, 1310, 1310, 1310, 1310, 1310, 1310, 1310, 1310, 1310, 1310, 1310, 1310, 1310, 1310, 1310, 1310, 1310, 1310, 1310, 1310, 1310, 1310, 1310, 1310, 1310, 1310, 1310, 1310, 1310, 1310, 1311, 1320, 1320, 1320, 1320, 1320, 1320, 1320, 1320, 1320, 1320, 1320, 1320, 1320, 1320, 1320, 1320, 1320, 1320, 1320, 1320, 1320, 1320, 1320, 1320, 1320, 1320, 1320, 1320, 1320, 1320, 1320, 1320, 1321, 1330, 1330, 1330, 1330, 1330, 1340, 1340, 1350, 1360, 1380, 1390, 1400, 1410, 1420, 1430, 1450, 1460, 1480, 1500, 1511, 1530, 1550, 1561, 1580, 1601, 1660, 6451, 7792554]
write_lats: vec100: [3390, 3830, 3870, 3900, 3920, 3930, 3941, 3960, 3970, 3980, 3990, 4000, 4010, 4020, 4030, 4030, 4040, 4050, 4050, 4060, 4060, 4070, 4070, 4071, 4080, 4080, 4090, 4090, 4090, 4100, 4100, 4100, 4110, 4110, 4110, 4120, 4120, 4120, 4130, 4130, 4130, 4140, 4140, 4140, 4141, 4150, 4150, 4150, 4160, 4160, 4160, 4170, 4170, 4170, 4180, 4180, 4180, 4190, 4190, 4190, 4200, 4200, 4210, 4210, 4220, 4220, 4230, 4230, 4240, 4241, 4250, 4260, 4261, 4270, 4280, 4290, 4291, 4300, 4310, 4320, 4320, 4330, 4340, 4350, 4360, 4370, 4380, 4390, 4400, 4410, 4430, 4440, 4460, 4471, 4491, 4520, 4550, 4600, 4660, 4770, 9580, 31191]
                 avg          P99       P99.99         P100
Read         1.35μs      1.66μs      5.31μs       7.79ms
Write         4.20μs      4.77μs     10.28μs     31.19μs

=== bench_out6.dat ===
Monster: conflicts=229, sync_failures=302273, empty_requests=0, try_overtime=100834, check_overtime=100834, replicate_overtime=100605
Ops: 2010000  Time: 3.44s  Throughput: 584872.76 ops/sec
Dirty reads: 0 / 1909339 (0.000%)
read_lats: vec100: [890, 1210, 1310, 1310, 1310, 1310, 1310, 1310, 1310, 1310, 1310, 1310, 1310, 1310, 1310, 1310, 1310, 1310, 1310, 1310, 1310, 1310, 1310, 1310, 1310, 1310, 1310, 1311, 1320, 1320, 1320, 1320, 1320, 1320, 1320, 1320, 1320, 1320, 1320, 1320, 1320, 1320, 1320, 1320, 1320, 1320, 1320, 1320, 1320, 1320, 1320, 1320, 1320, 1320, 1320, 1320, 1320, 1320, 1320, 1320, 1320, 1320, 1320, 1320, 1320, 1321, 1321, 1330, 1330, 1330, 1330, 1330, 1330, 1330, 1330, 1330, 1330, 1330, 1340, 1340, 1350, 1360, 1370, 1380, 1390, 1400, 1410, 1420, 1440, 1450, 1461, 1480, 1500, 1520, 1530, 1550, 1570, 1590, 1610, 1660, 7180, 1714092]
write_lats: vec100: [3440, 3820, 3860, 3880, 3901, 3920, 3930, 3950, 3960, 3970, 3980, 3990, 4000, 4010, 4020, 4020, 4030, 4040, 4040, 4050, 4050, 4060, 4060, 4061, 4070, 4070, 4080, 4080, 4080, 4090, 4090, 4100, 4100, 4100, 4110, 4110, 4110, 4120, 4120, 4120, 4121, 4130, 4130, 4131, 4140, 4140, 4141, 4150, 4150, 4150, 4160, 4160, 4160, 4170, 4170, 4170, 4180, 4180, 4180, 4190, 4190, 4191, 4200, 4201, 4210, 4211, 4220, 4230, 4230, 4240, 4250, 4250, 4260, 4270, 4270, 4280, 4290, 4291, 4300, 4310, 4320, 4320, 4330, 4340, 4350, 4360, 4370, 4380, 4390, 4410, 4420, 4440, 4450, 4470, 4490, 4520, 4550, 4591, 4660, 4760, 9220, 32381]
                 avg          P99       P99.99         P100
Read         1.35μs      1.66μs      5.10μs       1.71ms
Write         4.19μs      4.77μs     10.81μs     32.38μs

=== bench_out7.dat ===
Monster: conflicts=307, sync_failures=301922, empty_requests=0, try_overtime=100743, check_overtime=100743, replicate_overtime=100436
Ops: 2010000  Time: 3.45s  Throughput: 582968.62 ops/sec
Dirty reads: 0 / 1909497 (0.000%)
read_lats: vec100: [870, 1210, 1310, 1310, 1310, 1310, 1310, 1310, 1310, 1310, 1310, 1310, 1310, 1310, 1310, 1310, 1310, 1310, 1310, 1310, 1310, 1310, 1310, 1310, 1310, 1310, 1310, 1310, 1311, 1320, 1320, 1320, 1320, 1320, 1320, 1320, 1320, 1320, 1320, 1320, 1320, 1320, 1320, 1320, 1320, 1320, 1320, 1320, 1320, 1320, 1320, 1320, 1320, 1320, 1320, 1320, 1320, 1320, 1320, 1320, 1320, 1320, 1320, 1320, 1320, 1320, 1320, 1321, 1330, 1330, 1330, 1330, 1330, 1330, 1330, 1330, 1330, 1330, 1331, 1340, 1350, 1360, 1370, 1380, 1390, 1400, 1410, 1420, 1440, 1450, 1470, 1480, 1500, 1520, 1530, 1550, 1570, 1590, 1610, 1660, 6070, 7868686]
write_lats: vec100: [3470, 3830, 3870, 3890, 3910, 3930, 3940, 3950, 3960, 3970, 3980, 4000, 4010, 4011, 4020, 4030, 4040, 4040, 4050, 4050, 4060, 4060, 4070, 4070, 4070, 4080, 4080, 4081, 4090, 4090, 4100, 4100, 4100, 4110, 4110, 4110, 4120, 4120, 4120, 4130, 4130, 4130, 4140, 4140, 4140, 4150, 4150, 4150, 4151, 4160, 4160, 4160, 4170, 4170, 4170, 4180, 4180, 4180, 4190, 4190, 4190, 4200, 4200, 4210, 4210, 4220, 4220, 4230, 4240, 4240, 4250, 4251, 4260, 4270, 4280, 4280, 4290, 4300, 4301, 4310, 4320, 4330, 4340, 4341, 4350, 4361, 4380, 4390, 4400, 4410, 4430, 4440, 4460, 4480, 4500, 4521, 4560, 4610, 4670, 4790, 13921, 1585729]
                 avg          P99       P99.99         P100
Read         1.35μs      1.66μs      5.36μs       7.87ms
Write         4.22μs      4.79μs     10.65μs       1.59ms

=== bench_out8.dat ===
Monster: conflicts=399, sync_failures=302889, empty_requests=0, try_overtime=101096, check_overtime=101096, replicate_overtime=100697
Ops: 2010000  Time: 3.46s  Throughput: 581252.84 ops/sec
Dirty reads: 0 / 1909226 (0.000%)
read_lats: vec100: [880, 1210, 1310, 1310, 1310, 1310, 1310, 1310, 1310, 1310, 1310, 1310, 1310, 1310, 1310, 1310, 1310, 1310, 1310, 1310, 1310, 1320, 1320, 1320, 1320, 1320, 1320, 1320, 1320, 1320, 1320, 1320, 1320, 1320, 1320, 1320, 1320, 1320, 1320, 1320, 1320, 1320, 1320, 1320, 1320, 1320, 1320, 1320, 1320, 1320, 1320, 1320, 1320, 1320, 1320, 1320, 1320, 1320, 1320, 1320, 1321, 1330, 1330, 1330, 1330, 1330, 1330, 1330, 1330, 1330, 1330, 1330, 1330, 1330, 1330, 1330, 1330, 1340, 1340, 1340, 1350, 1360, 1370, 1380, 1390, 1410, 1420, 1430, 1440, 1450, 1470, 1490, 1500, 1520, 1540, 1551, 1570, 1590, 1610, 1670, 7820, 7932058]
write_lats: vec100: [3480, 3840, 3880, 3900, 3920, 3940, 3950, 3960, 3970, 3980, 3990, 4001, 4010, 4020, 4030, 4031, 4040, 4050, 4050, 4060, 4060, 4061, 4070, 4070, 4080, 4080, 4080, 4090, 4090, 4090, 4100, 4100, 4100, 4110, 4110, 4110, 4120, 4120, 4120, 4121, 4130, 4130, 4130, 4140, 4140, 4140, 4150, 4150, 4150, 4160, 4160, 4161, 4170, 4170, 4171, 4180, 4180, 4190, 4190, 4190, 4200, 4200, 4210, 4210, 4220, 4220, 4230, 4240, 4240, 4250, 4250, 4260, 4270, 4270, 4280, 4290, 4290, 4300, 4310, 4311, 4320, 4330, 4340, 4350, 4360, 4370, 4380, 4390, 4400, 4420, 4430, 4440, 4460, 4480, 4500, 4530, 4560, 4610, 4670, 4820, 9150, 34431]
                 avg          P99       P99.99         P100
Read         1.36μs      1.67μs      5.68μs       7.93ms
Write         4.21μs      4.85μs     11.90μs     34.43μs

Average throughput across all outputs: 579871.11
Average read latency across all outputs: 1.36 us
Average write latency across all outputs: 4.21 us
