Date: 20260519_1624
YCSB workload: workloadb_16_medium

============= RepCXL configuration =============
processes = "0-8"
logger_cluster_size = 3
algorithm = "async_best_effort"
pipeline = false
round_time = 1300 
read_retries = 10
core_affinity = "20-120" 
============= Benchmark Results =============

=== bench_out0.dat ===
Ops: 2010000  Time: 3.33s  Throughput: 603929.61 ops/sec
Dirty reads: 84 / 1909735 (0.004%)
  Dirty read avg latency: 1.52ms
read_lats: vec100: [890, 1200, 1300, 1300, 1300, 1300, 1300, 1310, 1310, 1310, 1310, 1310, 1310, 1310, 1310, 1310, 1310, 1310, 1310, 1310, 1310, 1310, 1310, 1310, 1310, 1310, 1310, 1310, 1310, 1310, 1310, 1310, 1310, 1310, 1310, 1310, 1310, 1310, 1310, 1311, 1320, 1320, 1320, 1320, 1320, 1320, 1320, 1320, 1320, 1320, 1320, 1320, 1320, 1320, 1320, 1320, 1320, 1320, 1320, 1320, 1320, 1320, 1320, 1320, 1320, 1320, 1320, 1320, 1320, 1320, 1321, 1330, 1330, 1330, 1330, 1330, 1330, 1330, 1340, 1340, 1350, 1360, 1370, 1380, 1390, 1400, 1420, 1430, 1440, 1450, 1470, 1480, 1500, 1520, 1530, 1550, 1570, 1590, 1610, 1660, 1941558, 2177354]
write_lats: vec100: [800, 990, 1000, 1010, 1030, 1030, 1040, 1040, 1040, 1050, 1050, 1070, 1080, 1090, 1090, 1090, 1090, 1090, 1090, 1100, 1100, 1100, 1100, 1100, 1110, 1110, 1110, 1110, 1120, 1120, 1120, 1130, 1140, 1150, 1150, 1150, 1150, 1151, 1160, 1160, 1160, 1160, 1160, 1170, 1170, 1170, 1180, 1190, 1190, 1190, 1200, 1200, 1200, 1200, 1200, 1200, 1210, 1210, 1210, 1210, 1210, 1210, 1210, 1210, 1220, 1220, 1220, 1220, 1220, 1221, 1230, 1230, 1230, 1231, 1240, 1240, 1240, 1250, 1250, 1260, 1260, 1270, 1270, 1280, 1290, 1290, 1300, 1310, 1330, 1340, 1360, 1380, 1390, 1410, 1430, 1450, 1471, 1500, 1540, 1600, 2040, 6590]
                 avg          P99       P99.99         P100
Read         1.42μs      1.66μs      6.04μs       2.18ms
Write         1.20μs      1.61μs      4.91μs      6.59μs

=== bench_out1.dat ===
Ops: 2010000  Time: 3.27s  Throughput: 613970.84 ops/sec
Dirty reads: 84 / 1909660 (0.004%)
  Dirty read avg latency: 1.52ms
read_lats: vec100: [910, 1200, 1300, 1300, 1310, 1310, 1310, 1310, 1310, 1310, 1310, 1310, 1310, 1310, 1310, 1310, 1310, 1310, 1310, 1310, 1310, 1310, 1310, 1310, 1310, 1310, 1310, 1310, 1310, 1310, 1311, 1320, 1320, 1320, 1320, 1320, 1320, 1320, 1320, 1320, 1320, 1320, 1320, 1320, 1320, 1320, 1320, 1320, 1320, 1320, 1320, 1320, 1320, 1320, 1320, 1320, 1320, 1320, 1320, 1320, 1320, 1320, 1320, 1320, 1320, 1320, 1321, 1330, 1330, 1330, 1330, 1330, 1330, 1330, 1330, 1330, 1330, 1330, 1340, 1340, 1350, 1360, 1370, 1380, 1390, 1400, 1411, 1430, 1440, 1450, 1470, 1480, 1500, 1520, 1530, 1550, 1570, 1590, 1610, 1660, 1267841, 7662130]
write_lats: vec100: [820, 990, 1000, 1010, 1030, 1030, 1040, 1040, 1040, 1050, 1050, 1080, 1080, 1090, 1090, 1090, 1090, 1090, 1090, 1100, 1100, 1100, 1100, 1101, 1110, 1110, 1110, 1111, 1120, 1120, 1130, 1140, 1150, 1150, 1150, 1150, 1150, 1150, 1160, 1160, 1160, 1160, 1160, 1170, 1170, 1170, 1180, 1190, 1190, 1190, 1200, 1200, 1200, 1200, 1200, 1200, 1200, 1210, 1210, 1210, 1210, 1210, 1210, 1210, 1220, 1220, 1220, 1220, 1220, 1221, 1230, 1230, 1230, 1231, 1240, 1240, 1240, 1250, 1250, 1260, 1260, 1270, 1271, 1280, 1290, 1290, 1300, 1310, 1330, 1340, 1360, 1380, 1390, 1410, 1430, 1450, 1480, 1510, 1540, 1610, 2210, 8391]
                 avg          P99       P99.99         P100
Read         1.42μs      1.66μs      5.99μs       7.66ms
Write         1.20μs      1.61μs      5.13μs      8.39μs

=== bench_out2.dat ===
Ops: 2010000  Time: 3.27s  Throughput: 614791.89 ops/sec
Dirty reads: 75 / 1909809 (0.004%)
  Dirty read avg latency: 1.53ms
read_lats: vec100: [880, 1190, 1310, 1310, 1310, 1310, 1310, 1310, 1310, 1310, 1310, 1310, 1310, 1310, 1310, 1310, 1310, 1310, 1310, 1310, 1310, 1310, 1310, 1310, 1310, 1310, 1310, 1310, 1311, 1320, 1320, 1320, 1320, 1320, 1320, 1320, 1320, 1320, 1320, 1320, 1320, 1320, 1320, 1320, 1320, 1320, 1320, 1320, 1320, 1320, 1320, 1320, 1320, 1320, 1320, 1320, 1320, 1320, 1320, 1320, 1320, 1320, 1320, 1320, 1320, 1320, 1321, 1330, 1330, 1330, 1330, 1330, 1330, 1330, 1330, 1330, 1330, 1331, 1340, 1340, 1350, 1360, 1370, 1380, 1390, 1400, 1410, 1430, 1440, 1450, 1470, 1480, 1500, 1520, 1530, 1550, 1570, 1590, 1610, 1660, 2156453, 7689801]
write_lats: vec100: [820, 990, 1000, 1010, 1020, 1040, 1040, 1040, 1040, 1050, 1050, 1070, 1080, 1090, 1090, 1090, 1090, 1090, 1091, 1100, 1100, 1100, 1100, 1110, 1110, 1110, 1110, 1110, 1120, 1120, 1130, 1140, 1150, 1150, 1150, 1150, 1151, 1160, 1160, 1160, 1160, 1160, 1160, 1160, 1170, 1170, 1180, 1190, 1190, 1191, 1200, 1200, 1200, 1200, 1200, 1210, 1210, 1210, 1210, 1210, 1210, 1210, 1210, 1210, 1210, 1220, 1220, 1220, 1220, 1221, 1230, 1230, 1230, 1231, 1240, 1240, 1240, 1250, 1250, 1260, 1260, 1270, 1270, 1280, 1280, 1290, 1300, 1310, 1330, 1340, 1360, 1380, 1390, 1410, 1430, 1450, 1480, 1500, 1540, 1600, 1970, 11610]
                 avg          P99       P99.99         P100
Read         1.42μs      1.66μs      6.17μs       7.69ms
Write         1.20μs      1.61μs      5.59μs     11.61μs

=== bench_out3.dat ===
Ops: 2010000  Time: 3.26s  Throughput: 615921.14 ops/sec
Dirty reads: 73 / 1909641 (0.004%)
  Dirty read avg latency: 1.52ms
read_lats: vec100: [880, 1200, 1310, 1310, 1310, 1310, 1310, 1310, 1310, 1310, 1310, 1310, 1310, 1310, 1310, 1310, 1310, 1310, 1310, 1310, 1310, 1310, 1310, 1310, 1310, 1310, 1310, 1311, 1320, 1320, 1320, 1320, 1320, 1320, 1320, 1320, 1320, 1320, 1320, 1320, 1320, 1320, 1320, 1320, 1320, 1320, 1320, 1320, 1320, 1320, 1320, 1320, 1320, 1320, 1320, 1320, 1320, 1320, 1320, 1320, 1320, 1320, 1320, 1320, 1320, 1320, 1321, 1330, 1330, 1330, 1330, 1330, 1330, 1330, 1330, 1330, 1330, 1330, 1340, 1340, 1350, 1360, 1370, 1380, 1390, 1400, 1410, 1430, 1440, 1450, 1470, 1480, 1500, 1520, 1530, 1550, 1570, 1590, 1610, 1660, 1698982, 2189844]
write_lats: vec100: [830, 990, 1000, 1010, 1020, 1030, 1040, 1040, 1040, 1050, 1050, 1070, 1080, 1090, 1090, 1090, 1090, 1090, 1091, 1100, 1100, 1100, 1100, 1110, 1110, 1110, 1110, 1111, 1120, 1130, 1140, 1150, 1150, 1150, 1150, 1150, 1160, 1160, 1160, 1160, 1160, 1160, 1160, 1161, 1170, 1170, 1180, 1190, 1190, 1200, 1200, 1200, 1200, 1200, 1200, 1201, 1210, 1210, 1210, 1210, 1210, 1210, 1210, 1210, 1210, 1220, 1220, 1220, 1220, 1220, 1230, 1230, 1230, 1230, 1240, 1240, 1240, 1250, 1250, 1260, 1261, 1270, 1280, 1280, 1290, 1290, 1300, 1310, 1330, 1340, 1360, 1380, 1390, 1410, 1430, 1450, 1480, 1500, 1540, 1600, 2041, 8980]
                 avg          P99       P99.99         P100
Read         1.41μs      1.66μs      5.99μs       2.19ms
Write         1.20μs      1.61μs      4.98μs      8.98μs

=== bench_out4.dat ===
Ops: 2010000  Time: 3.23s  Throughput: 621747.64 ops/sec
Dirty reads: 79 / 1909447 (0.004%)
  Dirty read avg latency: 1.47ms
read_lats: vec100: [870, 1180, 1290, 1300, 1300, 1300, 1300, 1300, 1300, 1300, 1300, 1300, 1300, 1300, 1300, 1300, 1300, 1300, 1300, 1300, 1300, 1300, 1300, 1300, 1300, 1300, 1300, 1301, 1310, 1310, 1310, 1310, 1310, 1310, 1310, 1310, 1310, 1310, 1310, 1310, 1310, 1310, 1310, 1310, 1310, 1310, 1310, 1310, 1310, 1310, 1310, 1310, 1310, 1310, 1310, 1310, 1310, 1310, 1310, 1310, 1310, 1310, 1310, 1310, 1310, 1311, 1311, 1320, 1320, 1320, 1320, 1320, 1320, 1320, 1320, 1320, 1320, 1321, 1330, 1331, 1340, 1350, 1370, 1380, 1390, 1400, 1410, 1430, 1440, 1450, 1460, 1471, 1490, 1510, 1530, 1550, 1560, 1580, 1600, 1650, 1542028, 7735431]
write_lats: vec100: [810, 990, 990, 1010, 1030, 1030, 1030, 1040, 1040, 1040, 1050, 1050, 1070, 1080, 1080, 1080, 1081, 1090, 1090, 1090, 1090, 1090, 1100, 1100, 1100, 1100, 1110, 1110, 1110, 1120, 1130, 1130, 1140, 1140, 1140, 1140, 1150, 1150, 1150, 1150, 1150, 1160, 1160, 1160, 1170, 1170, 1180, 1180, 1181, 1190, 1190, 1190, 1190, 1200, 1200, 1200, 1200, 1200, 1200, 1200, 1210, 1210, 1210, 1210, 1210, 1220, 1220, 1220, 1220, 1220, 1230, 1230, 1230, 1230, 1240, 1240, 1240, 1250, 1250, 1260, 1260, 1270, 1270, 1280, 1290, 1290, 1300, 1310, 1320, 1340, 1360, 1370, 1390, 1400, 1430, 1441, 1470, 1500, 1540, 1600, 2130, 12600]
                 avg          P99       P99.99         P100
Read         1.41μs      1.65μs      5.70μs       7.74ms
Write         1.20μs      1.61μs      5.02μs     12.60μs

=== bench_out5.dat ===
Ops: 2010000  Time: 3.26s  Throughput: 616741.20 ops/sec
Dirty reads: 78 / 1909470 (0.004%)
  Dirty read avg latency: 1.54ms
read_lats: vec100: [880, 1180, 1300, 1300, 1300, 1300, 1300, 1300, 1300, 1300, 1300, 1300, 1300, 1300, 1300, 1300, 1300, 1300, 1301, 1310, 1310, 1310, 1310, 1310, 1310, 1310, 1310, 1310, 1310, 1310, 1310, 1310, 1310, 1310, 1310, 1310, 1310, 1310, 1310, 1310, 1310, 1310, 1310, 1310, 1310, 1310, 1310, 1310, 1310, 1310, 1310, 1310, 1310, 1310, 1310, 1311, 1320, 1320, 1320, 1320, 1320, 1320, 1320, 1320, 1320, 1320, 1320, 1320, 1320, 1320, 1320, 1320, 1320, 1320, 1320, 1321, 1330, 1330, 1330, 1340, 1350, 1360, 1370, 1380, 1390, 1400, 1420, 1430, 1440, 1450, 1470, 1480, 1500, 1520, 1540, 1550, 1570, 1590, 1610, 1660, 538043, 7789764]
write_lats: vec100: [790, 990, 990, 1010, 1030, 1030, 1030, 1040, 1040, 1040, 1050, 1050, 1070, 1080, 1080, 1080, 1080, 1090, 1090, 1090, 1090, 1090, 1100, 1100, 1100, 1100, 1110, 1110, 1110, 1120, 1130, 1131, 1140, 1140, 1140, 1141, 1150, 1150, 1150, 1150, 1151, 1160, 1160, 1170, 1170, 1180, 1180, 1180, 1190, 1190, 1190, 1190, 1190, 1200, 1200, 1200, 1200, 1200, 1200, 1200, 1210, 1210, 1210, 1210, 1210, 1220, 1220, 1220, 1220, 1220, 1230, 1230, 1230, 1230, 1240, 1240, 1240, 1250, 1250, 1260, 1260, 1270, 1270, 1280, 1290, 1290, 1300, 1310, 1330, 1340, 1360, 1380, 1390, 1410, 1430, 1450, 1480, 1510, 1550, 1630, 4410, 6850]
                 avg          P99       P99.99         P100
Read         1.41μs      1.66μs      5.75μs       7.79ms
Write         1.20μs      1.64μs      5.50μs      6.85μs

=== bench_out6.dat ===
Ops: 2010000  Time: 3.24s  Throughput: 620763.57 ops/sec
Dirty reads: 71 / 1909339 (0.004%)
  Dirty read avg latency: 1.55ms
read_lats: vec100: [871, 1180, 1300, 1300, 1300, 1300, 1300, 1300, 1300, 1300, 1300, 1300, 1300, 1300, 1300, 1300, 1300, 1300, 1300, 1300, 1300, 1310, 1310, 1310, 1310, 1310, 1310, 1310, 1310, 1310, 1310, 1310, 1310, 1310, 1310, 1310, 1310, 1310, 1310, 1310, 1310, 1310, 1310, 1310, 1310, 1310, 1310, 1310, 1310, 1310, 1310, 1310, 1310, 1310, 1310, 1310, 1310, 1310, 1311, 1320, 1320, 1320, 1320, 1320, 1320, 1320, 1320, 1320, 1320, 1320, 1320, 1320, 1320, 1320, 1330, 1330, 1330, 1330, 1340, 1350, 1350, 1360, 1370, 1380, 1390, 1400, 1410, 1420, 1431, 1450, 1460, 1480, 1500, 1520, 1530, 1550, 1570, 1580, 1600, 1660, 1796155, 7869556]
write_lats: vec100: [810, 990, 1000, 1010, 1030, 1030, 1040, 1040, 1040, 1040, 1050, 1050, 1070, 1080, 1080, 1080, 1090, 1090, 1090, 1090, 1090, 1100, 1100, 1100, 1100, 1101, 1110, 1110, 1110, 1120, 1130, 1140, 1140, 1140, 1140, 1150, 1150, 1150, 1150, 1151, 1160, 1160, 1160, 1170, 1170, 1180, 1180, 1190, 1190, 1190, 1190, 1190, 1200, 1200, 1200, 1200, 1200, 1200, 1210, 1210, 1210, 1210, 1210, 1210, 1220, 1220, 1220, 1220, 1220, 1230, 1230, 1230, 1230, 1240, 1240, 1240, 1250, 1250, 1260, 1260, 1270, 1270, 1280, 1280, 1290, 1290, 1300, 1310, 1330, 1340, 1360, 1380, 1390, 1410, 1430, 1450, 1480, 1500, 1540, 1610, 2080, 8390]
                 avg          P99       P99.99         P100
Read         1.41μs      1.66μs      5.61μs       7.87ms
Write         1.20μs      1.62μs      4.76μs      8.39μs

=== bench_out7.dat ===
Ops: 2010000  Time: 3.24s  Throughput: 620206.67 ops/sec
Dirty reads: 78 / 1909497 (0.004%)
  Dirty read avg latency: 1.42ms
read_lats: vec100: [870, 1190, 1300, 1300, 1300, 1300, 1300, 1300, 1300, 1300, 1300, 1300, 1300, 1300, 1300, 1300, 1300, 1300, 1310, 1310, 1310, 1310, 1310, 1310, 1310, 1310, 1310, 1310, 1310, 1310, 1310, 1310, 1310, 1310, 1310, 1310, 1310, 1310, 1310, 1310, 1310, 1310, 1310, 1310, 1310, 1310, 1310, 1310, 1310, 1310, 1310, 1310, 1310, 1310, 1310, 1310, 1310, 1310, 1311, 1320, 1320, 1320, 1320, 1320, 1320, 1320, 1320, 1320, 1320, 1320, 1320, 1320, 1320, 1320, 1320, 1320, 1321, 1330, 1330, 1331, 1340, 1350, 1360, 1380, 1390, 1400, 1410, 1420, 1430, 1450, 1460, 1480, 1500, 1510, 1530, 1550, 1560, 1580, 1600, 1660, 8020, 7847075]
write_lats: vec100: [810, 990, 990, 1010, 1030, 1030, 1030, 1040, 1040, 1040, 1040, 1050, 1060, 1080, 1080, 1080, 1090, 1090, 1090, 1090, 1090, 1090, 1100, 1100, 1100, 1100, 1110, 1110, 1110, 1120, 1130, 1130, 1140, 1140, 1140, 1140, 1150, 1150, 1150, 1150, 1150, 1160, 1160, 1160, 1170, 1170, 1180, 1180, 1190, 1190, 1190, 1190, 1190, 1200, 1200, 1200, 1200, 1200, 1200, 1201, 1210, 1210, 1210, 1210, 1210, 1211, 1220, 1220, 1220, 1220, 1230, 1230, 1230, 1230, 1240, 1240, 1240, 1250, 1250, 1260, 1260, 1270, 1270, 1280, 1290, 1290, 1300, 1310, 1330, 1340, 1360, 1380, 1390, 1410, 1430, 1450, 1480, 1510, 1550, 1620, 6910, 7660]
                 avg          P99       P99.99         P100
Read         1.41μs      1.66μs      5.80μs       7.85ms
Write         1.20μs      1.62μs      5.19μs      7.66μs

=== bench_out8.dat ===
Ops: 2010000  Time: 3.23s  Throughput: 621792.13 ops/sec
Dirty reads: 66 / 1909226 (0.003%)
  Dirty read avg latency: 1.51ms
read_lats: vec100: [890, 1190, 1300, 1300, 1300, 1300, 1300, 1300, 1300, 1300, 1300, 1300, 1300, 1300, 1300, 1300, 1310, 1310, 1310, 1310, 1310, 1310, 1310, 1310, 1310, 1310, 1310, 1310, 1310, 1310, 1310, 1310, 1310, 1310, 1310, 1310, 1310, 1310, 1310, 1310, 1310, 1310, 1310, 1310, 1310, 1310, 1310, 1310, 1310, 1310, 1310, 1310, 1310, 1311, 1311, 1320, 1320, 1320, 1320, 1320, 1320, 1320, 1320, 1320, 1320, 1320, 1320, 1320, 1320, 1320, 1320, 1320, 1320, 1320, 1320, 1320, 1321, 1330, 1330, 1340, 1340, 1350, 1360, 1380, 1390, 1400, 1410, 1420, 1430, 1450, 1460, 1480, 1500, 1510, 1530, 1550, 1560, 1580, 1600, 1660, 2065631, 7867534]
write_lats: vec100: [820, 990, 1000, 1010, 1030, 1030, 1040, 1040, 1040, 1040, 1050, 1050, 1070, 1080, 1080, 1090, 1090, 1090, 1090, 1090, 1090, 1100, 1100, 1100, 1100, 1110, 1110, 1110, 1110, 1120, 1130, 1140, 1140, 1141, 1150, 1150, 1150, 1150, 1150, 1160, 1160, 1160, 1160, 1161, 1170, 1180, 1180, 1190, 1190, 1190, 1190, 1200, 1200, 1200, 1200, 1200, 1200, 1200, 1210, 1210, 1210, 1210, 1210, 1210, 1210, 1220, 1220, 1220, 1220, 1230, 1230, 1230, 1230, 1231, 1240, 1240, 1240, 1250, 1250, 1260, 1261, 1270, 1280, 1280, 1290, 1290, 1300, 1310, 1330, 1340, 1360, 1380, 1390, 1410, 1430, 1450, 1480, 1500, 1550, 1610, 2010, 11510]
                 avg          P99       P99.99         P100
Read         1.40μs      1.66μs      5.76μs       7.87ms
Write         1.20μs      1.62μs      5.30μs     11.51μs

Average throughput across all outputs: 616651.11
Average read latency across all outputs: 1.41 us
Average write latency across all outputs: 1.20 us
