Date: 20260519_1627
YCSB workload: workloadb_8192_medium

============= RepCXL configuration =============
processes = "0-8"
logger_cluster_size = 3
algorithm = "async_best_effort"
pipeline = false
round_time = 1300 
read_retries = 10
core_affinity = "20-120" 
============= Benchmark Results =============

=== bench_out0.dat ===
Ops: 2010000  Time: 30.10s  Throughput: 66777.86 ops/sec
Dirty reads: 551 / 1909811 (0.029%)
  Dirty read avg latency: 1.61ms
read_lats: vec100: [11221, 12391, 12511, 12591, 12651, 12700, 12741, 12780, 12811, 12841, 12871, 12900, 12921, 12950, 12970, 12990, 13010, 13030, 13050, 13070, 13090, 13101, 13120, 13140, 13160, 13170, 13190, 13201, 13220, 13231, 13250, 13270, 13280, 13300, 13310, 13321, 13340, 13351, 13370, 13381, 13400, 13411, 13430, 13440, 13451, 13470, 13481, 13500, 13511, 13530, 13541, 13560, 13571, 13590, 13601, 13620, 13631, 13650, 13670, 13681, 13700, 13720, 13731, 13750, 13770, 13790, 13801, 13821, 13841, 13860, 13880, 13901, 13921, 13950, 13970, 13991, 14020, 14040, 14070, 14091, 14121, 14151, 14181, 14220, 14251, 14291, 14331, 14380, 14421, 14480, 14531, 14600, 14670, 14750, 14850, 14970, 15120, 15311, 15620, 16330, 2709857, 7882885]
write_lats: vec100: [4131, 5620, 6030, 6330, 6580, 6791, 7010, 7211, 7411, 7610, 7810, 7990, 8180, 8360, 8530, 8691, 8860, 9030, 9180, 9330, 9481, 9621, 9761, 9901, 10050, 10181, 10320, 10460, 10601, 10760, 10910, 11060, 11220, 11381, 11560, 11740, 11941, 12150, 12391, 12660, 12960, 13290, 13660, 14050, 14410, 14690, 14920, 15100, 15260, 15391, 15520, 15620, 15720, 15810, 15891, 15970, 16050, 16120, 16181, 16250, 16310, 16370, 16421, 16480, 16540, 16600, 16650, 16710, 16761, 16820, 16880, 16931, 17000, 17051, 17111, 17180, 17241, 17310, 17371, 17441, 17521, 17601, 17681, 17770, 17851, 17951, 18041, 18140, 18250, 18361, 18481, 18620, 18770, 18930, 19121, 19321, 19560, 19860, 20261, 20921, 23200, 27871]
                 avg          P99       P99.99         P100
Read        14.14μs     16.33μs       2.05ms       7.88ms
Write        13.92μs     21.01μs     25.01μs     27.87μs

=== bench_out1.dat ===
Ops: 2010000  Time: 31.41s  Throughput: 63994.26 ops/sec
Dirty reads: 556 / 1909529 (0.029%)
  Dirty read avg latency: 1.62ms
read_lats: vec100: [11300, 12681, 12811, 12901, 12970, 13030, 13080, 13121, 13161, 13201, 13240, 13271, 13310, 13340, 13370, 13400, 13430, 13451, 13480, 13510, 13531, 13560, 13581, 13610, 13631, 13660, 13681, 13710, 13730, 13751, 13780, 13800, 13821, 13850, 13870, 13891, 13920, 13940, 13961, 13981, 14010, 14030, 14051, 14071, 14100, 14120, 14141, 14161, 14190, 14210, 14231, 14251, 14280, 14300, 14321, 14341, 14370, 14390, 14411, 14440, 14460, 14481, 14510, 14531, 14560, 14580, 14610, 14630, 14660, 14681, 14710, 14740, 14761, 14791, 14820, 14850, 14881, 14911, 14950, 14981, 15020, 15051, 15091, 15131, 15180, 15221, 15271, 15330, 15381, 15450, 15520, 15591, 15681, 15790, 15910, 16060, 16250, 16511, 16950, 18050, 2547953, 9175938]
write_lats: vec100: [3880, 5610, 6021, 6311, 6560, 6780, 7000, 7200, 7400, 7600, 7790, 7990, 8170, 8340, 8510, 8680, 8840, 8990, 9150, 9300, 9451, 9600, 9750, 9891, 10040, 10190, 10330, 10461, 10610, 10750, 10901, 11060, 11221, 11400, 11580, 11770, 11960, 12180, 12440, 12720, 13030, 13381, 13711, 14071, 14381, 14631, 14840, 15010, 15160, 15291, 15410, 15520, 15611, 15701, 15790, 15870, 15950, 16021, 16091, 16161, 16230, 16291, 16360, 16420, 16480, 16531, 16591, 16650, 16710, 16770, 16821, 16881, 16941, 17001, 17070, 17130, 17191, 17260, 17330, 17400, 17471, 17550, 17630, 17711, 17800, 17890, 17990, 18091, 18200, 18320, 18441, 18590, 18740, 18891, 19071, 19280, 19541, 19880, 20300, 20940, 23510, 39351]
                 avg          P99       P99.99         P100
Read        14.86μs     18.05μs       2.04ms       9.18ms
Write        13.89μs     21.01μs     25.51μs     39.35μs

=== bench_out2.dat ===
Ops: 2010000  Time: 31.75s  Throughput: 63305.01 ops/sec
Dirty reads: 529 / 1909407 (0.028%)
  Dirty read avg latency: 1.64ms
read_lats: vec100: [11290, 12770, 12930, 13031, 13120, 13181, 13241, 13291, 13341, 13390, 13430, 13470, 13501, 13540, 13570, 13601, 13631, 13661, 13691, 13720, 13750, 13771, 13800, 13830, 13850, 13880, 13900, 13921, 13950, 13971, 13991, 14020, 14040, 14061, 14090, 14110, 14130, 14151, 14180, 14200, 14220, 14240, 14261, 14281, 14310, 14330, 14350, 14370, 14391, 14411, 14440, 14460, 14480, 14501, 14521, 14550, 14570, 14591, 14611, 14640, 14660, 14681, 14710, 14730, 14760, 14780, 14801, 14830, 14851, 14880, 14910, 14931, 14961, 14990, 15020, 15050, 15080, 15110, 15140, 15171, 15210, 15241, 15280, 15320, 15360, 15400, 15441, 15490, 15540, 15591, 15651, 15720, 15790, 15870, 15961, 16071, 16211, 16401, 16700, 17350, 2797109, 9376972]
write_lats: vec100: [4060, 5510, 5910, 6230, 6480, 6691, 6910, 7120, 7310, 7520, 7710, 7910, 8090, 8270, 8450, 8620, 8790, 8960, 9110, 9270, 9410, 9560, 9710, 9850, 9981, 10120, 10260, 10391, 10540, 10680, 10830, 10981, 11141, 11320, 11500, 11690, 11881, 12110, 12340, 12610, 12911, 13241, 13571, 13890, 14181, 14431, 14650, 14831, 14991, 15131, 15260, 15370, 15480, 15580, 15661, 15750, 15830, 15910, 15980, 16050, 16110, 16180, 16240, 16300, 16351, 16411, 16471, 16530, 16590, 16641, 16700, 16751, 16811, 16870, 16930, 16990, 17051, 17111, 17180, 17241, 17320, 17390, 17460, 17541, 17630, 17711, 17801, 17901, 18001, 18120, 18240, 18380, 18530, 18690, 18861, 19071, 19330, 19641, 20031, 20691, 23181, 273627]
                 avg          P99       P99.99         P100
Read        15.00μs     17.35μs       2.05ms       9.38ms
Write        13.77μs     20.78μs     25.44μs    273.63μs

=== bench_out3.dat ===
Ops: 2010000  Time: 31.76s  Throughput: 63292.31 ops/sec
Dirty reads: 512 / 1910010 (0.027%)
  Dirty read avg latency: 1.63ms
read_lats: vec100: [11460, 12990, 13140, 13240, 13311, 13380, 13430, 13480, 13520, 13560, 13591, 13630, 13660, 13690, 13720, 13741, 13770, 13800, 13820, 13841, 13870, 13890, 13910, 13931, 13951, 13971, 13991, 14011, 14031, 14051, 14071, 14090, 14110, 14130, 14150, 14170, 14181, 14200, 14220, 14240, 14260, 14271, 14290, 14310, 14330, 14341, 14361, 14380, 14400, 14420, 14431, 14451, 14470, 14490, 14510, 14530, 14550, 14570, 14581, 14601, 14621, 14641, 14661, 14681, 14710, 14730, 14750, 14771, 14791, 14820, 14841, 14870, 14890, 14920, 14941, 14970, 15000, 15030, 15060, 15090, 15121, 15160, 15191, 15230, 15270, 15311, 15360, 15410, 15460, 15511, 15580, 15641, 15720, 15810, 15910, 16031, 16190, 16401, 16740, 17520, 2785979, 8616334]
write_lats: vec100: [4160, 5550, 5920, 6210, 6480, 6700, 6920, 7130, 7330, 7520, 7711, 7910, 8090, 8270, 8450, 8620, 8790, 8941, 9100, 9250, 9380, 9521, 9660, 9800, 9941, 10081, 10230, 10370, 10510, 10651, 10800, 10960, 11120, 11281, 11460, 11651, 11851, 12071, 12320, 12580, 12871, 13210, 13511, 13821, 14121, 14371, 14591, 14780, 14950, 15090, 15220, 15331, 15440, 15541, 15630, 15720, 15801, 15881, 15960, 16030, 16091, 16160, 16220, 16280, 16340, 16400, 16460, 16511, 16571, 16630, 16681, 16741, 16800, 16860, 16920, 16980, 17040, 17101, 17170, 17240, 17310, 17381, 17451, 17530, 17611, 17701, 17800, 17900, 18010, 18120, 18241, 18380, 18530, 18691, 18870, 19080, 19311, 19620, 20030, 20671, 22941, 31111]
                 avg          P99       P99.99         P100
Read        15.01μs     17.52μs       2.06ms       8.62ms
Write        13.75μs     20.75μs     25.31μs     31.11μs

=== bench_out4.dat ===
Ops: 2010000  Time: 32.16s  Throughput: 62507.87 ops/sec
Dirty reads: 534 / 1908649 (0.028%)
  Dirty read avg latency: 1.55ms
read_lats: vec100: [11260, 12701, 12900, 13021, 13120, 13190, 13260, 13311, 13361, 13410, 13451, 13491, 13530, 13570, 13600, 13631, 13661, 13691, 13721, 13750, 13780, 13801, 13830, 13851, 13880, 13901, 13930, 13950, 13971, 14000, 14020, 14040, 14061, 14081, 14110, 14130, 14150, 14170, 14190, 14210, 14231, 14251, 14271, 14291, 14311, 14340, 14360, 14380, 14400, 14420, 14440, 14460, 14481, 14501, 14530, 14550, 14570, 14591, 14611, 14640, 14660, 14681, 14710, 14731, 14760, 14781, 14810, 14840, 14861, 14890, 14920, 14950, 14980, 15010, 15040, 15070, 15101, 15140, 15180, 15211, 15251, 15291, 15340, 15381, 15431, 15481, 15540, 15600, 15670, 15740, 15820, 15901, 16001, 16120, 16260, 16430, 16650, 16980, 17590, 19211, 2335408, 9488145]
write_lats: vec100: [4260, 6040, 6500, 6840, 7110, 7340, 7560, 7740, 7930, 8110, 8280, 8460, 8610, 8771, 8930, 9090, 9260, 9430, 9590, 9741, 9890, 10040, 10190, 10331, 10471, 10620, 10761, 10910, 11060, 11200, 11331, 11471, 11610, 11751, 11910, 12051, 12210, 12360, 12510, 12661, 12821, 13000, 13170, 13350, 13531, 13730, 13940, 14160, 14420, 14671, 14971, 15300, 15651, 16021, 16370, 16670, 16931, 17161, 17361, 17550, 17711, 17861, 18000, 18131, 18260, 18370, 18480, 18581, 18681, 18781, 18890, 18990, 19081, 19181, 19280, 19371, 19470, 19570, 19671, 19771, 19880, 19981, 20091, 20201, 20320, 20441, 20570, 20701, 20850, 21000, 21151, 21340, 21531, 21740, 21961, 22231, 22541, 22911, 23411, 24241, 27781, 42222]
                 avg          P99       P99.99         P100
Read        15.06μs     19.22μs       1.98ms       9.49ms
Write        15.01μs     24.29μs     29.54μs     42.22μs

=== bench_out5.dat ===
Ops: 2010000  Time: 32.13s  Throughput: 62555.33 ops/sec
Dirty reads: 541 / 1909220 (0.028%)
  Dirty read avg latency: 1.59ms
read_lats: vec100: [11100, 12681, 12871, 12991, 13090, 13160, 13221, 13280, 13330, 13380, 13420, 13460, 13500, 13531, 13570, 13600, 13630, 13660, 13690, 13720, 13741, 13770, 13800, 13821, 13850, 13871, 13900, 13920, 13941, 13970, 13990, 14011, 14040, 14060, 14080, 14101, 14121, 14150, 14170, 14190, 14211, 14231, 14260, 14280, 14300, 14320, 14341, 14361, 14390, 14410, 14431, 14460, 14480, 14500, 14521, 14550, 14571, 14600, 14620, 14641, 14670, 14700, 14720, 14750, 14771, 14801, 14830, 14860, 14890, 14920, 14950, 14980, 15011, 15050, 15081, 15120, 15160, 15191, 15240, 15280, 15321, 15370, 15420, 15470, 15520, 15580, 15640, 15701, 15771, 15850, 15931, 16021, 16121, 16240, 16370, 16530, 16720, 16971, 17350, 18080, 2430360, 10468280]
write_lats: vec100: [4110, 5971, 6430, 6761, 7020, 7250, 7460, 7650, 7840, 8030, 8210, 8390, 8551, 8710, 8870, 9030, 9190, 9350, 9500, 9660, 9810, 9960, 10110, 10270, 10420, 10570, 10710, 10850, 10990, 11130, 11280, 11420, 11561, 11710, 11850, 12000, 12140, 12280, 12430, 12580, 12750, 12911, 13080, 13260, 13450, 13650, 13861, 14100, 14340, 14610, 14921, 15250, 15590, 15950, 16290, 16590, 16860, 17090, 17290, 17461, 17621, 17770, 17901, 18040, 18151, 18270, 18380, 18481, 18581, 18681, 18781, 18880, 18980, 19071, 19170, 19270, 19370, 19461, 19560, 19660, 19760, 19860, 19970, 20080, 20191, 20310, 20440, 20571, 20711, 20861, 21011, 21181, 21370, 21580, 21800, 22050, 22360, 22711, 23190, 23911, 26660, 38611]
                 avg          P99       P99.99         P100
Read        15.07μs     18.08μs       2.02ms      10.47ms
Write        14.91μs     24.00μs     28.37μs     38.61μs

=== bench_out6.dat ===
Ops: 2010000  Time: 32.15s  Throughput: 62512.10 ops/sec
Dirty reads: 540 / 1909229 (0.028%)
  Dirty read avg latency: 1.53ms
read_lats: vec100: [11370, 12870, 13050, 13161, 13250, 13320, 13380, 13431, 13481, 13530, 13570, 13610, 13641, 13680, 13710, 13740, 13770, 13800, 13830, 13851, 13880, 13910, 13931, 13960, 13980, 14001, 14030, 14050, 14071, 14100, 14120, 14140, 14161, 14181, 14201, 14230, 14250, 14270, 14290, 14310, 14330, 14351, 14371, 14391, 14411, 14440, 14460, 14480, 14500, 14520, 14540, 14561, 14581, 14610, 14630, 14650, 14671, 14700, 14720, 14741, 14770, 14790, 14811, 14840, 14861, 14890, 14911, 14941, 14970, 15000, 15021, 15051, 15081, 15120, 15150, 15180, 15211, 15250, 15290, 15321, 15361, 15410, 15450, 15500, 15550, 15600, 15651, 15711, 15780, 15850, 15921, 16010, 16101, 16220, 16350, 16500, 16700, 16951, 17351, 18150, 2316547, 9483275]
write_lats: vec100: [4001, 6050, 6531, 6860, 7120, 7360, 7570, 7760, 7950, 8120, 8300, 8461, 8630, 8781, 8940, 9110, 9270, 9430, 9580, 9730, 9880, 10040, 10180, 10330, 10490, 10630, 10770, 10900, 11031, 11181, 11320, 11461, 11610, 11750, 11890, 12030, 12180, 12331, 12480, 12641, 12801, 12961, 13140, 13320, 13510, 13700, 13900, 14121, 14360, 14630, 14931, 15251, 15610, 15961, 16300, 16610, 16880, 17111, 17330, 17501, 17670, 17811, 17960, 18081, 18201, 18320, 18421, 18531, 18640, 18731, 18831, 18930, 19030, 19121, 19211, 19310, 19410, 19501, 19591, 19691, 19801, 19910, 20020, 20120, 20240, 20351, 20481, 20611, 20751, 20901, 21051, 21221, 21411, 21610, 21831, 22090, 22381, 22740, 23230, 24010, 26931, 32281]
                 avg          P99       P99.99         P100
Read        15.14μs     18.15μs       1.95ms       9.48ms
Write        14.97μs     24.08μs     29.02μs     32.28μs

=== bench_out7.dat ===
Ops: 2010000  Time: 32.14s  Throughput: 62543.06 ops/sec
Dirty reads: 539 / 1909444 (0.028%)
  Dirty read avg latency: 1.51ms
read_lats: vec100: [11361, 12760, 12960, 13081, 13180, 13260, 13321, 13381, 13431, 13480, 13521, 13570, 13601, 13640, 13671, 13710, 13740, 13770, 13800, 13821, 13850, 13880, 13901, 13930, 13950, 13980, 14000, 14021, 14041, 14070, 14090, 14111, 14131, 14160, 14180, 14200, 14220, 14240, 14260, 14280, 14300, 14321, 14341, 14361, 14381, 14401, 14430, 14450, 14470, 14490, 14510, 14530, 14550, 14570, 14591, 14611, 14631, 14660, 14680, 14700, 14721, 14750, 14770, 14791, 14820, 14840, 14870, 14890, 14920, 14941, 14970, 15000, 15021, 15051, 15081, 15111, 15150, 15180, 15211, 15250, 15290, 15321, 15361, 15410, 15451, 15501, 15551, 15610, 15670, 15731, 15801, 15881, 15970, 16071, 16191, 16340, 16520, 16770, 17150, 17961, 2314657, 11156147]
write_lats: vec100: [4010, 5890, 6350, 6690, 6950, 7180, 7380, 7580, 7780, 7970, 8150, 8320, 8490, 8650, 8810, 8970, 9130, 9290, 9440, 9610, 9760, 9920, 10071, 10220, 10370, 10510, 10640, 10790, 10921, 11070, 11201, 11350, 11490, 11630, 11770, 11911, 12080, 12230, 12390, 12540, 12690, 12870, 13040, 13220, 13410, 13601, 13820, 14040, 14300, 14570, 14870, 15200, 15570, 15921, 16270, 16571, 16840, 17080, 17281, 17481, 17650, 17800, 17931, 18060, 18171, 18290, 18401, 18511, 18611, 18720, 18811, 18910, 19011, 19110, 19201, 19300, 19391, 19491, 19600, 19700, 19800, 19901, 20011, 20130, 20241, 20351, 20490, 20611, 20750, 20891, 21031, 21201, 21381, 21591, 21811, 22070, 22370, 22740, 23231, 24031, 27401, 8772659]
                 avg          P99       P99.99         P100
Read        15.07μs     17.96μs       1.92ms      11.16ms
Write        15.01μs     24.08μs     29.52μs       8.77ms

=== bench_out8.dat ===
Ops: 2010000  Time: 31.57s  Throughput: 63662.73 ops/sec
Dirty reads: 542 / 1909388 (0.028%)
  Dirty read avg latency: 1.56ms
read_lats: vec100: [11391, 12960, 13140, 13250, 13340, 13410, 13470, 13520, 13570, 13611, 13660, 13691, 13730, 13770, 13800, 13830, 13860, 13890, 13920, 13941, 13970, 14000, 14021, 14050, 14071, 14100, 14120, 14141, 14170, 14190, 14211, 14231, 14260, 14280, 14300, 14321, 14341, 14370, 14390, 14410, 14430, 14451, 14471, 14500, 14520, 14540, 14560, 14581, 14601, 14630, 14650, 14670, 14691, 14720, 14740, 14761, 14781, 14810, 14831, 14860, 14881, 14910, 14931, 14960, 14981, 15011, 15040, 15070, 15100, 15121, 15151, 15190, 15220, 15250, 15281, 15320, 15351, 15390, 15430, 15470, 15510, 15551, 15600, 15650, 15700, 15751, 15810, 15870, 15931, 16001, 16081, 16170, 16261, 16371, 16500, 16651, 16850, 17110, 17521, 18470, 2211585, 12999163]
write_lats: vec100: [4070, 6040, 6521, 6870, 7141, 7360, 7570, 7770, 7951, 8130, 8301, 8470, 8640, 8800, 8951, 9120, 9290, 9451, 9610, 9771, 9931, 10080, 10241, 10391, 10540, 10690, 10831, 10990, 11140, 11281, 11421, 11570, 11720, 11871, 12021, 12171, 12320, 12471, 12630, 12781, 12950, 13110, 13291, 13490, 13680, 13890, 14100, 14321, 14561, 14841, 15141, 15450, 15800, 16121, 16430, 16690, 16930, 17140, 17320, 17490, 17641, 17800, 17930, 18060, 18171, 18290, 18391, 18501, 18610, 18701, 18801, 18900, 18991, 19090, 19190, 19290, 19381, 19481, 19580, 19681, 19791, 19901, 20020, 20131, 20260, 20380, 20501, 20640, 20780, 20930, 21091, 21261, 21440, 21650, 21881, 22151, 22460, 22831, 23380, 24211, 29551, 10073530]
                 avg          P99       P99.99         P100
Read        15.27μs     18.47μs       1.95ms      13.00ms
Write        15.12μs     24.23μs     29.70μs      10.07ms

Average throughput across all outputs: 63461.11
Average read latency across all outputs: 14.96 us
Average write latency across all outputs: 14.48 us
