Date: 20260519_1617
YCSB workload: workloadb_8192_medium

============= RepCXL configuration =============
processes = "0-8"
logger_cluster_size = 3
algorithm = "lock"
pipeline = false
round_time = 1300 
read_retries = 10
core_affinity = "20-120" 
============= Benchmark Results =============

=== bench_out0.dat ===
Ops: 2010000  Time: 20.41s  Throughput: 98457.24 ops/sec
Dirty reads: 0 / 1909811 (0.000%)
read_lats: vec100: [7990, 8720, 8770, 8870, 8900, 8910, 8910, 8920, 8920, 8920, 8921, 8930, 8930, 8930, 8931, 8940, 8940, 8940, 8941, 8950, 8950, 8950, 8950, 8951, 8960, 8960, 8960, 8960, 8961, 8970, 8970, 8970, 8970, 8971, 8980, 8980, 8980, 8981, 8990, 8990, 8990, 9000, 9000, 9001, 9010, 9011, 9020, 9021, 9030, 9040, 9041, 9050, 9060, 9070, 9070, 9080, 9090, 9100, 9101, 9110, 9120, 9130, 9140, 9150, 9160, 9161, 9171, 9180, 9190, 9200, 9210, 9220, 9230, 9240, 9251, 9270, 9280, 9300, 9310, 9330, 9350, 9370, 9391, 9420, 9450, 9471, 9510, 9541, 9581, 9630, 9670, 9720, 9770, 9820, 9880, 9950, 10040, 10180, 10480, 11371, 33240, 7743912]
write_lats: vec100: [7360, 8750, 9070, 9330, 9580, 9900, 10391, 10910, 11310, 11490, 11590, 11661, 11720, 11761, 11801, 11840, 11870, 11900, 11930, 11950, 11971, 12000, 12020, 12040, 12060, 12081, 12100, 12120, 12140, 12160, 12180, 12200, 12220, 12240, 12260, 12271, 12291, 12311, 12331, 12350, 12370, 12390, 12410, 12430, 12450, 12470, 12490, 12510, 12530, 12550, 12571, 12600, 12620, 12641, 12670, 12700, 12720, 12750, 12780, 12810, 12840, 12870, 12901, 12940, 12980, 13020, 13060, 13101, 13150, 13201, 13251, 13310, 13370, 13431, 13500, 13570, 13650, 13721, 13801, 13890, 13980, 14070, 14161, 14260, 14361, 14461, 14570, 14680, 14800, 14920, 15051, 15190, 15350, 15520, 15720, 15950, 16241, 16640, 17221, 18180, 21941, 6539412]
                 avg          P99       P99.99         P100
Read         9.23μs     11.37μs     24.07μs       7.74ms
Write        13.03μs     18.26μs     26.72μs       6.54ms

=== bench_out1.dat ===
Ops: 2010000  Time: 20.34s  Throughput: 98798.55 ops/sec
Dirty reads: 0 / 1909529 (0.000%)
read_lats: vec100: [7981, 8730, 8780, 8880, 8901, 8910, 8920, 8920, 8930, 8930, 8930, 8931, 8940, 8940, 8940, 8941, 8950, 8950, 8950, 8951, 8960, 8960, 8960, 8960, 8961, 8970, 8970, 8970, 8970, 8971, 8971, 8980, 8980, 8980, 8981, 8990, 8990, 8990, 8991, 9000, 9000, 9001, 9010, 9010, 9011, 9020, 9030, 9030, 9040, 9041, 9050, 9060, 9061, 9070, 9080, 9081, 9090, 9100, 9110, 9120, 9121, 9131, 9140, 9150, 9160, 9170, 9180, 9190, 9191, 9201, 9211, 9220, 9230, 9241, 9251, 9270, 9280, 9291, 9310, 9330, 9341, 9370, 9390, 9420, 9440, 9470, 9510, 9541, 9581, 9630, 9670, 9720, 9761, 9811, 9870, 9930, 10020, 10150, 10420, 11360, 29820, 7401743]
write_lats: vec100: [7280, 8551, 8900, 9150, 9400, 9710, 10150, 10700, 11110, 11270, 11350, 11411, 11461, 11501, 11541, 11580, 11610, 11640, 11670, 11690, 11711, 11740, 11760, 11780, 11801, 11821, 11850, 11870, 11881, 11901, 11930, 11950, 11970, 11981, 12001, 12021, 12041, 12061, 12080, 12100, 12120, 12140, 12160, 12181, 12201, 12221, 12241, 12261, 12290, 12310, 12331, 12360, 12381, 12410, 12431, 12460, 12490, 12511, 12541, 12580, 12610, 12641, 12680, 12720, 12760, 12800, 12840, 12881, 12931, 12981, 13040, 13090, 13150, 13210, 13270, 13340, 13411, 13481, 13561, 13650, 13730, 13820, 13910, 14000, 14100, 14191, 14301, 14411, 14521, 14650, 14771, 14921, 15081, 15270, 15470, 15701, 16010, 16400, 16980, 17881, 21661, 1488497]
                 avg          P99       P99.99         P100
Read         9.24μs     11.36μs     24.45μs       7.40ms
Write        12.67μs     17.98μs     26.49μs       1.49ms

=== bench_out2.dat ===
Ops: 2010000  Time: 20.36s  Throughput: 98725.98 ops/sec
Dirty reads: 0 / 1909407 (0.000%)
read_lats: vec100: [8000, 8720, 8780, 8880, 8910, 8920, 8921, 8930, 8930, 8930, 8940, 8940, 8940, 8940, 8941, 8950, 8950, 8950, 8950, 8950, 8951, 8951, 8960, 8960, 8960, 8960, 8960, 8961, 8970, 8970, 8970, 8970, 8971, 8971, 8980, 8980, 8980, 8981, 8990, 8990, 8991, 9000, 9000, 9001, 9010, 9020, 9020, 9030, 9031, 9040, 9050, 9051, 9060, 9070, 9071, 9080, 9090, 9100, 9110, 9111, 9120, 9130, 9140, 9150, 9160, 9170, 9171, 9180, 9190, 9200, 9210, 9220, 9230, 9240, 9250, 9260, 9271, 9290, 9300, 9311, 9330, 9350, 9370, 9400, 9420, 9450, 9480, 9520, 9560, 9600, 9640, 9690, 9740, 9800, 9860, 9931, 10020, 10150, 10410, 11350, 3378723, 7467385]
write_lats: vec100: [7110, 8500, 8830, 9090, 9330, 9611, 10030, 10560, 11030, 11230, 11330, 11390, 11441, 11481, 11520, 11551, 11581, 11611, 11640, 11670, 11690, 11711, 11740, 11760, 11780, 11800, 11820, 11840, 11860, 11871, 11891, 11910, 11930, 11950, 11970, 11990, 12001, 12021, 12040, 12060, 12080, 12100, 12120, 12140, 12151, 12171, 12191, 12211, 12231, 12251, 12280, 12300, 12321, 12341, 12370, 12390, 12420, 12441, 12470, 12500, 12530, 12561, 12600, 12631, 12670, 12710, 12750, 12791, 12840, 12890, 12941, 13000, 13061, 13130, 13200, 13270, 13341, 13420, 13500, 13580, 13670, 13760, 13850, 13940, 14030, 14130, 14230, 14331, 14441, 14570, 14691, 14831, 14990, 15180, 15371, 15610, 15891, 16260, 16821, 17781, 21541, 4531032]
                 avg          P99       P99.99         P100
Read         9.23μs     11.35μs     24.10μs       7.47ms
Write        12.68μs     17.89μs     27.97μs       4.53ms

=== bench_out3.dat ===
Ops: 2010000  Time: 20.35s  Throughput: 98760.78 ops/sec
Dirty reads: 0 / 1910010 (0.000%)
read_lats: vec100: [7921, 8731, 8781, 8880, 8920, 8930, 8930, 8931, 8940, 8940, 8940, 8941, 8950, 8950, 8950, 8950, 8951, 8960, 8960, 8960, 8960, 8961, 8961, 8970, 8970, 8970, 8970, 8970, 8971, 8980, 8980, 8980, 8980, 8981, 8990, 8990, 8990, 8991, 9000, 9000, 9000, 9010, 9010, 9011, 9020, 9021, 9030, 9040, 9040, 9050, 9060, 9060, 9070, 9080, 9080, 9090, 9100, 9101, 9110, 9120, 9130, 9140, 9150, 9151, 9161, 9170, 9180, 9190, 9200, 9210, 9220, 9230, 9240, 9250, 9260, 9270, 9281, 9300, 9310, 9330, 9350, 9370, 9390, 9420, 9441, 9470, 9501, 9540, 9580, 9620, 9660, 9701, 9751, 9810, 9860, 9930, 10020, 10150, 10430, 11370, 78562, 7191189]
write_lats: vec100: [7040, 8421, 8760, 9000, 9240, 9520, 9980, 10511, 10950, 11131, 11230, 11291, 11350, 11381, 11420, 11450, 11480, 11510, 11540, 11561, 11590, 11610, 11630, 11650, 11670, 11691, 11710, 11730, 11750, 11770, 11790, 11810, 11830, 11850, 11861, 11881, 11901, 11921, 11940, 11960, 11980, 12000, 12020, 12040, 12060, 12080, 12100, 12120, 12140, 12160, 12180, 12201, 12221, 12250, 12270, 12300, 12320, 12350, 12380, 12401, 12431, 12470, 12500, 12540, 12580, 12620, 12660, 12700, 12750, 12801, 12860, 12910, 12970, 13030, 13100, 13170, 13240, 13320, 13400, 13481, 13571, 13660, 13750, 13840, 13931, 14030, 14130, 14240, 14350, 14461, 14591, 14730, 14871, 15050, 15241, 15471, 15760, 16111, 16680, 17610, 21041, 5195419]
                 avg          P99       P99.99         P100
Read         9.24μs     11.37μs     24.47μs       7.19ms
Write        12.57μs     17.70μs     26.33μs       5.20ms

=== bench_out4.dat ===
Ops: 2010000  Time: 20.38s  Throughput: 98610.40 ops/sec
Dirty reads: 0 / 1908649 (0.000%)
read_lats: vec100: [8040, 8700, 8770, 8860, 8870, 8880, 8890, 8890, 8900, 8900, 8901, 8910, 8910, 8911, 8920, 8920, 8921, 8930, 8930, 8930, 8931, 8940, 8940, 8941, 8950, 8950, 8950, 8960, 8960, 8960, 8961, 8970, 8970, 8971, 8980, 8980, 8980, 8990, 8990, 8990, 9000, 9000, 9001, 9010, 9010, 9020, 9021, 9030, 9031, 9040, 9050, 9060, 9060, 9070, 9080, 9090, 9091, 9100, 9110, 9120, 9130, 9140, 9141, 9151, 9160, 9170, 9180, 9190, 9200, 9210, 9220, 9230, 9240, 9250, 9261, 9280, 9290, 9310, 9321, 9340, 9360, 9380, 9401, 9430, 9460, 9490, 9520, 9551, 9590, 9630, 9680, 9721, 9780, 9830, 9900, 9970, 10070, 10221, 10520, 11360, 27830, 7412363]
write_lats: vec100: [7080, 8260, 8560, 8790, 9001, 9240, 9520, 9950, 10400, 10810, 11110, 11250, 11331, 11391, 11441, 11481, 11520, 11550, 11580, 11610, 11631, 11660, 11681, 11710, 11730, 11750, 11771, 11800, 11820, 11840, 11861, 11881, 11901, 11930, 11950, 11970, 11990, 12010, 12031, 12051, 12080, 12100, 12120, 12141, 12170, 12190, 12220, 12241, 12270, 12300, 12321, 12351, 12390, 12411, 12450, 12480, 12511, 12550, 12590, 12631, 12680, 12721, 12780, 12830, 12890, 12941, 13000, 13060, 13120, 13181, 13251, 13320, 13390, 13461, 13540, 13620, 13700, 13780, 13861, 13960, 14050, 14131, 14230, 14330, 14430, 14540, 14650, 14761, 14890, 15021, 15170, 15340, 15511, 15701, 15920, 16160, 16471, 16950, 17530, 18440, 22890, 1810735]
                 avg          P99       P99.99         P100
Read         9.23μs     11.36μs     24.11μs       7.41ms
Write        12.72μs     18.52μs     25.03μs       1.81ms

=== bench_out5.dat ===
Ops: 2010000  Time: 20.39s  Throughput: 98569.89 ops/sec
Dirty reads: 0 / 1909220 (0.000%)
read_lats: vec100: [7851, 8700, 8761, 8851, 8871, 8880, 8890, 8890, 8900, 8900, 8900, 8910, 8910, 8910, 8920, 8920, 8920, 8921, 8930, 8930, 8930, 8940, 8940, 8940, 8941, 8950, 8950, 8950, 8951, 8960, 8960, 8961, 8970, 8970, 8970, 8971, 8980, 8980, 8981, 8990, 8990, 8991, 9000, 9000, 9010, 9010, 9020, 9021, 9030, 9040, 9041, 9050, 9060, 9061, 9071, 9080, 9090, 9100, 9110, 9111, 9120, 9130, 9140, 9150, 9160, 9170, 9171, 9181, 9191, 9200, 9210, 9221, 9231, 9250, 9260, 9270, 9281, 9300, 9320, 9330, 9350, 9370, 9391, 9420, 9441, 9470, 9501, 9540, 9580, 9620, 9660, 9710, 9760, 9811, 9880, 9950, 10050, 10190, 10490, 11350, 29841, 7391463]
write_lats: vec100: [7140, 8430, 8731, 8971, 9200, 9440, 9760, 10210, 10651, 11080, 11310, 11420, 11490, 11540, 11590, 11630, 11660, 11691, 11720, 11750, 11780, 11800, 11821, 11850, 11871, 11900, 11920, 11940, 11960, 11980, 12001, 12021, 12050, 12070, 12090, 12110, 12130, 12151, 12180, 12200, 12220, 12241, 12270, 12290, 12311, 12340, 12361, 12390, 12420, 12450, 12480, 12510, 12540, 12571, 12610, 12650, 12681, 12721, 12770, 12810, 12860, 12910, 12960, 13010, 13070, 13130, 13190, 13250, 13310, 13371, 13440, 13501, 13580, 13650, 13721, 13800, 13880, 13961, 14050, 14140, 14230, 14320, 14411, 14510, 14610, 14720, 14830, 14951, 15081, 15221, 15371, 15540, 15710, 15901, 16120, 16381, 16711, 17180, 17800, 18691, 22441, 4631855]
                 avg          P99       P99.99         P100
Read         9.22μs     11.35μs     24.04μs       7.39ms
Write        12.99μs     18.78μs     26.65μs       4.63ms

=== bench_out6.dat ===
Ops: 2010000  Time: 20.61s  Throughput: 97506.64 ops/sec
Dirty reads: 0 / 1909229 (0.000%)
read_lats: vec100: [7920, 8740, 8800, 8890, 8920, 8920, 8930, 8930, 8940, 8940, 8941, 8950, 8950, 8950, 8960, 8960, 8960, 8961, 8970, 8970, 8970, 8971, 8980, 8980, 8981, 8990, 8990, 8990, 8991, 9000, 9000, 9000, 9001, 9010, 9010, 9010, 9011, 9020, 9020, 9021, 9030, 9030, 9040, 9040, 9050, 9050, 9060, 9061, 9070, 9080, 9081, 9090, 9100, 9110, 9111, 9120, 9130, 9140, 9150, 9151, 9160, 9170, 9180, 9190, 9200, 9210, 9220, 9221, 9231, 9241, 9251, 9270, 9280, 9290, 9300, 9320, 9330, 9350, 9361, 9381, 9401, 9430, 9450, 9471, 9500, 9530, 9560, 9591, 9630, 9670, 9710, 9751, 9800, 9851, 9911, 9990, 10081, 10231, 10540, 11400, 28541, 7437414]
write_lats: vec100: [9170, 10490, 10800, 11050, 11270, 11500, 11751, 12080, 12431, 12811, 13181, 13410, 13511, 13581, 13640, 13681, 13721, 13760, 13791, 13820, 13850, 13880, 13901, 13930, 13950, 13971, 14000, 14021, 14041, 14061, 14090, 14110, 14130, 14151, 14171, 14200, 14220, 14240, 14261, 14281, 14310, 14330, 14351, 14380, 14401, 14430, 14451, 14480, 14510, 14531, 14561, 14590, 14621, 14660, 14690, 14730, 14761, 14801, 14841, 14890, 14931, 14980, 15030, 15080, 15140, 15191, 15251, 15310, 15370, 15431, 15500, 15570, 15631, 15701, 15780, 15860, 15931, 16011, 16100, 16181, 16271, 16361, 16460, 16560, 16660, 16771, 16890, 17000, 17121, 17260, 17410, 17561, 17741, 17930, 18130, 18380, 18690, 19101, 19691, 20561, 24251, 34691]
                 avg          P99       P99.99         P100
Read         9.27μs     11.40μs     23.47μs       7.44ms
Write        14.93μs     20.64μs     27.95μs     34.69μs

=== bench_out7.dat ===
Ops: 2010000  Time: 20.49s  Throughput: 98116.53 ops/sec
Dirty reads: 0 / 1909444 (0.000%)
read_lats: vec100: [7820, 8740, 8800, 8890, 8910, 8920, 8920, 8930, 8930, 8931, 8940, 8940, 8941, 8950, 8950, 8951, 8960, 8960, 8960, 8970, 8970, 8970, 8971, 8980, 8980, 8980, 8981, 8990, 8990, 8990, 8991, 9000, 9000, 9000, 9001, 9010, 9010, 9011, 9020, 9020, 9030, 9030, 9031, 9040, 9050, 9050, 9060, 9061, 9070, 9080, 9081, 9090, 9100, 9110, 9111, 9121, 9130, 9140, 9150, 9160, 9170, 9171, 9180, 9190, 9200, 9210, 9220, 9230, 9240, 9250, 9260, 9270, 9280, 9290, 9301, 9320, 9331, 9350, 9370, 9390, 9410, 9430, 9460, 9480, 9510, 9541, 9580, 9611, 9650, 9690, 9740, 9780, 9830, 9880, 9931, 10010, 10110, 10260, 10580, 11411, 28930, 7439254]
write_lats: vec100: [7170, 8430, 8731, 8980, 9200, 9430, 9740, 10120, 10611, 11070, 11310, 11430, 11500, 11560, 11600, 11640, 11680, 11710, 11740, 11770, 11791, 11820, 11850, 11870, 11891, 11920, 11940, 11961, 11981, 12010, 12030, 12050, 12071, 12091, 12120, 12140, 12160, 12181, 12210, 12230, 12250, 12271, 12300, 12320, 12341, 12370, 12391, 12420, 12450, 12480, 12510, 12540, 12570, 12600, 12640, 12671, 12710, 12750, 12790, 12830, 12880, 12921, 12980, 13030, 13080, 13140, 13191, 13260, 13320, 13381, 13450, 13520, 13591, 13661, 13740, 13820, 13901, 13981, 14071, 14160, 14250, 14350, 14440, 14540, 14650, 14751, 14870, 15000, 15140, 15281, 15440, 15601, 15780, 15981, 16220, 16481, 16810, 17240, 17810, 18781, 23051, 2310557]
                 avg          P99       P99.99         P100
Read         9.27μs     11.42μs     24.24μs       7.44ms
Write        12.95μs     18.86μs     25.63μs       2.31ms

=== bench_out8.dat ===
Ops: 2010000  Time: 20.42s  Throughput: 98433.50 ops/sec
Dirty reads: 0 / 1909388 (0.000%)
read_lats: vec100: [7870, 8720, 8780, 8880, 8900, 8910, 8911, 8920, 8920, 8930, 8930, 8930, 8931, 8940, 8940, 8940, 8941, 8950, 8950, 8950, 8951, 8960, 8960, 8960, 8960, 8961, 8970, 8970, 8970, 8971, 8980, 8980, 8980, 8980, 8990, 8990, 8990, 8991, 9000, 9000, 9001, 9010, 9011, 9020, 9021, 9030, 9040, 9040, 9050, 9060, 9061, 9070, 9080, 9090, 9091, 9100, 9110, 9120, 9130, 9140, 9141, 9150, 9160, 9170, 9180, 9190, 9200, 9210, 9211, 9221, 9231, 9250, 9260, 9270, 9280, 9300, 9310, 9330, 9341, 9360, 9380, 9401, 9430, 9450, 9480, 9510, 9550, 9581, 9620, 9661, 9710, 9760, 9810, 9860, 9920, 9990, 10090, 10240, 10541, 11390, 25551, 7499126]
write_lats: vec100: [7030, 8300, 8600, 8841, 9061, 9310, 9630, 10060, 10480, 10871, 11150, 11290, 11370, 11421, 11471, 11511, 11550, 11580, 11610, 11640, 11670, 11690, 11720, 11740, 11770, 11790, 11810, 11831, 11860, 11880, 11900, 11920, 11941, 11961, 11981, 12010, 12030, 12050, 12071, 12100, 12120, 12140, 12161, 12190, 12211, 12240, 12261, 12290, 12320, 12350, 12380, 12410, 12440, 12480, 12510, 12550, 12590, 12630, 12671, 12720, 12761, 12810, 12861, 12920, 12970, 13021, 13081, 13150, 13210, 13271, 13340, 13400, 13470, 13541, 13620, 13701, 13790, 13870, 13960, 14041, 14140, 14230, 14330, 14421, 14530, 14631, 14751, 14870, 14990, 15121, 15271, 15431, 15610, 15791, 16011, 16271, 16600, 17051, 17720, 18651, 27791, 7155898]
                 avg          P99       P99.99         P100
Read         9.24μs     11.39μs     23.95μs       7.50ms
Write        12.98μs     18.67μs     27.92μs       7.16ms

Average throughput across all outputs: 98442.22
Average read latency across all outputs: 9.24 us
Average write latency across all outputs: 13.06 us
