Date: 20260518_1824
YCSB workload: workloadb_64_medium

============= RepCXL configuration =============
processes = "0-8"
logger_cluster_size = 3
algorithm = "lock"
pipeline = false
round_time = 1800 
read_retries = 0
core_affinity = "20-120" 
============= Benchmark Results =============

=== bench_out0.dat ===
Ops: 2010000  Time: 9.60s  Throughput: 209353.91 ops/sec
Dirty reads: 0 / 1909615 (0.000%)
read_lats: vec100: [3180, 4130, 4150, 4180, 4240, 4320, 4350, 4360, 4361, 4370, 4370, 4370, 4380, 4380, 4380, 4380, 4390, 4390, 4390, 4390, 4391, 4400, 4400, 4400, 4400, 4401, 4410, 4410, 4410, 4410, 4410, 4420, 4420, 4420, 4420, 4420, 4421, 4430, 4430, 4430, 4430, 4431, 4440, 4440, 4440, 4450, 4450, 4451, 4460, 4461, 4470, 4480, 4481, 4490, 4500, 4501, 4510, 4520, 4520, 4530, 4540, 4540, 4550, 4560, 4560, 4570, 4580, 4590, 4600, 4601, 4610, 4620, 4630, 4640, 4650, 4650, 4660, 4670, 4670, 4680, 4690, 4691, 4700, 4710, 4720, 4730, 4741, 4760, 4770, 4790, 4810, 4830, 4860, 4881, 4920, 4950, 5000, 5080, 5270, 7031, 22541, 8784118]
write_lats: vec100: [2530, 2860, 2940, 2960, 2980, 3030, 3070, 3081, 3090, 3100, 3100, 3100, 3110, 3110, 3110, 3120, 3120, 3120, 3130, 3130, 3140, 3140, 3151, 3161, 3170, 3180, 3180, 3180, 3190, 3190, 3190, 3190, 3191, 3200, 3200, 3200, 3200, 3200, 3210, 3210, 3210, 3210, 3210, 3220, 3220, 3220, 3220, 3220, 3230, 3230, 3230, 3230, 3230, 3240, 3240, 3240, 3250, 3250, 3250, 3260, 3260, 3270, 3270, 3280, 3280, 3290, 3300, 3300, 3310, 3320, 3321, 3330, 3340, 3350, 3360, 3360, 3370, 3380, 3390, 3400, 3400, 3410, 3420, 3430, 3440, 3450, 3460, 3470, 3480, 3500, 3510, 3530, 3550, 3570, 3590, 3620, 3660, 3710, 3790, 4040, 6640, 727849]
                 avg          P99       P99.99         P100
Read         4.59μs      7.03μs     15.61μs       8.78ms
Write         3.29μs      4.11μs      8.59μs    727.85μs

=== bench_out1.dat ===
Ops: 2010000  Time: 9.57s  Throughput: 210096.40 ops/sec
Dirty reads: 0 / 1909455 (0.000%)
read_lats: vec100: [3220, 4130, 4160, 4180, 4240, 4311, 4350, 4360, 4361, 4370, 4370, 4370, 4380, 4380, 4380, 4380, 4390, 4390, 4390, 4390, 4391, 4400, 4400, 4400, 4400, 4401, 4410, 4410, 4410, 4410, 4410, 4420, 4420, 4420, 4420, 4420, 4421, 4430, 4430, 4430, 4430, 4431, 4440, 4440, 4440, 4450, 4450, 4450, 4460, 4461, 4470, 4480, 4481, 4490, 4500, 4501, 4510, 4520, 4520, 4530, 4540, 4540, 4550, 4560, 4560, 4570, 4580, 4590, 4600, 4601, 4610, 4620, 4630, 4640, 4650, 4650, 4660, 4670, 4670, 4680, 4690, 4691, 4700, 4710, 4720, 4730, 4741, 4760, 4770, 4790, 4810, 4830, 4860, 4880, 4911, 4950, 5000, 5080, 5260, 7050, 19600, 7562307]
write_lats: vec100: [2550, 2870, 2940, 2960, 2980, 3020, 3060, 3080, 3090, 3100, 3100, 3110, 3110, 3110, 3120, 3120, 3120, 3130, 3130, 3140, 3140, 3150, 3160, 3170, 3170, 3180, 3180, 3180, 3190, 3190, 3190, 3190, 3200, 3200, 3200, 3200, 3200, 3210, 3210, 3210, 3210, 3210, 3210, 3220, 3220, 3220, 3220, 3220, 3220, 3230, 3230, 3230, 3230, 3231, 3240, 3240, 3240, 3250, 3250, 3250, 3260, 3260, 3260, 3270, 3280, 3280, 3290, 3290, 3300, 3310, 3311, 3320, 3330, 3340, 3340, 3350, 3360, 3370, 3380, 3390, 3390, 3400, 3410, 3420, 3420, 3430, 3440, 3450, 3461, 3480, 3490, 3500, 3520, 3540, 3560, 3590, 3630, 3680, 3760, 4021, 6520, 38781]
                 avg          P99       P99.99         P100
Read         4.59μs      7.05μs     15.80μs       7.56ms
Write         3.28μs      4.07μs      8.87μs     38.78μs

=== bench_out2.dat ===
Ops: 2010000  Time: 9.58s  Throughput: 209732.63 ops/sec
Dirty reads: 0 / 1909423 (0.000%)
read_lats: vec100: [3190, 4131, 4151, 4171, 4240, 4320, 4370, 4370, 4380, 4380, 4380, 4381, 4390, 4390, 4390, 4390, 4390, 4400, 4400, 4400, 4400, 4400, 4400, 4401, 4410, 4410, 4410, 4410, 4410, 4410, 4411, 4420, 4420, 4420, 4420, 4420, 4420, 4421, 4430, 4430, 4430, 4430, 4440, 4440, 4440, 4450, 4450, 4451, 4460, 4470, 4470, 4480, 4490, 4491, 4500, 4510, 4511, 4520, 4530, 4530, 4540, 4541, 4550, 4560, 4570, 4570, 4580, 4590, 4600, 4610, 4620, 4630, 4631, 4640, 4650, 4660, 4661, 4670, 4680, 4680, 4690, 4700, 4700, 4710, 4720, 4731, 4750, 4760, 4780, 4790, 4810, 4831, 4860, 4890, 4920, 4951, 5001, 5080, 5260, 7040, 23661, 7563767]
write_lats: vec100: [2540, 2860, 2940, 2951, 2970, 3010, 3051, 3080, 3090, 3100, 3100, 3100, 3110, 3110, 3110, 3111, 3120, 3120, 3120, 3130, 3130, 3140, 3150, 3161, 3170, 3180, 3180, 3190, 3190, 3190, 3190, 3190, 3200, 3200, 3200, 3200, 3200, 3200, 3201, 3210, 3210, 3210, 3210, 3210, 3210, 3220, 3220, 3220, 3220, 3220, 3221, 3230, 3230, 3230, 3230, 3240, 3240, 3240, 3240, 3250, 3250, 3250, 3260, 3260, 3270, 3271, 3280, 3290, 3291, 3300, 3310, 3311, 3320, 3330, 3340, 3340, 3350, 3360, 3370, 3380, 3390, 3390, 3400, 3410, 3420, 3430, 3440, 3450, 3460, 3470, 3480, 3491, 3510, 3530, 3551, 3580, 3620, 3670, 3750, 3990, 6140, 29930]
                 avg          P99       P99.99         P100
Read         4.59μs      7.04μs     15.78μs       7.56ms
Write         3.27μs      4.06μs      7.78μs     29.93μs

=== bench_out3.dat ===
Ops: 2010000  Time: 9.58s  Throughput: 209756.70 ops/sec
Dirty reads: 0 / 1909050 (0.000%)
read_lats: vec100: [3180, 4140, 4160, 4171, 4221, 4300, 4360, 4370, 4380, 4380, 4380, 4381, 4390, 4390, 4390, 4390, 4390, 4400, 4400, 4400, 4400, 4400, 4400, 4401, 4410, 4410, 4410, 4410, 4410, 4410, 4410, 4420, 4420, 4420, 4420, 4420, 4420, 4421, 4430, 4430, 4430, 4430, 4440, 4440, 4440, 4441, 4450, 4451, 4460, 4470, 4470, 4480, 4490, 4490, 4500, 4510, 4511, 4520, 4530, 4530, 4540, 4541, 4550, 4560, 4561, 4570, 4580, 4590, 4600, 4610, 4620, 4621, 4630, 4640, 4650, 4660, 4660, 4670, 4680, 4680, 4690, 4691, 4700, 4710, 4720, 4730, 4750, 4760, 4771, 4790, 4810, 4830, 4860, 4890, 4920, 4950, 5000, 5080, 5260, 7041, 19240, 7559557]
write_lats: vec100: [2540, 2860, 2940, 2960, 2970, 3010, 3050, 3080, 3090, 3100, 3100, 3100, 3110, 3110, 3110, 3120, 3120, 3120, 3130, 3130, 3140, 3150, 3160, 3170, 3170, 3180, 3180, 3180, 3190, 3190, 3190, 3190, 3190, 3200, 3200, 3200, 3200, 3200, 3200, 3210, 3210, 3210, 3210, 3210, 3210, 3220, 3220, 3220, 3220, 3220, 3230, 3230, 3230, 3230, 3231, 3240, 3240, 3240, 3241, 3250, 3250, 3260, 3260, 3270, 3270, 3280, 3280, 3290, 3291, 3300, 3310, 3311, 3320, 3330, 3340, 3340, 3350, 3360, 3370, 3380, 3381, 3390, 3400, 3410, 3411, 3420, 3430, 3440, 3450, 3461, 3480, 3490, 3510, 3530, 3550, 3580, 3611, 3670, 3740, 4000, 6600, 15441]
                 avg          P99       P99.99         P100
Read         4.59μs      7.05μs     15.70μs       7.56ms
Write         3.27μs      4.04μs      8.54μs     15.44μs

=== bench_out4.dat ===
Ops: 2010000  Time: 9.51s  Throughput: 211336.42 ops/sec
Dirty reads: 0 / 1909672 (0.000%)
read_lats: vec100: [3190, 4090, 4111, 4140, 4160, 4200, 4270, 4320, 4320, 4330, 4330, 4340, 4340, 4340, 4350, 4350, 4350, 4360, 4360, 4360, 4360, 4370, 4370, 4370, 4370, 4380, 4380, 4380, 4380, 4390, 4390, 4390, 4390, 4400, 4400, 4400, 4400, 4410, 4410, 4410, 4410, 4420, 4420, 4420, 4421, 4430, 4430, 4430, 4440, 4440, 4440, 4450, 4450, 4460, 4460, 4470, 4480, 4480, 4490, 4500, 4510, 4510, 4520, 4530, 4540, 4540, 4550, 4560, 4570, 4571, 4580, 4590, 4600, 4610, 4620, 4620, 4630, 4640, 4650, 4651, 4660, 4670, 4680, 4690, 4700, 4710, 4720, 4730, 4750, 4761, 4780, 4801, 4830, 4860, 4890, 4930, 4980, 5060, 5240, 6981, 19220, 7617039]
write_lats: vec100: [2520, 2850, 2910, 2940, 2950, 2970, 3000, 3040, 3060, 3070, 3080, 3080, 3090, 3090, 3100, 3100, 3110, 3110, 3120, 3120, 3130, 3130, 3140, 3150, 3150, 3160, 3160, 3161, 3170, 3170, 3170, 3180, 3180, 3180, 3180, 3190, 3190, 3190, 3190, 3200, 3200, 3200, 3200, 3200, 3210, 3210, 3210, 3210, 3210, 3211, 3220, 3220, 3220, 3220, 3230, 3230, 3230, 3231, 3240, 3240, 3241, 3250, 3250, 3260, 3260, 3270, 3270, 3280, 3280, 3290, 3300, 3300, 3310, 3320, 3320, 3330, 3340, 3350, 3360, 3360, 3370, 3380, 3390, 3400, 3410, 3410, 3420, 3430, 3441, 3460, 3470, 3490, 3500, 3520, 3550, 3571, 3610, 3660, 3740, 4020, 6750, 15931]
                 avg          P99       P99.99         P100
Read         4.56μs      6.99μs     16.39μs       7.62ms
Write         3.26μs      4.04μs      7.90μs     15.93μs

=== bench_out5.dat ===
Ops: 2010000  Time: 9.52s  Throughput: 211179.96 ops/sec
Dirty reads: 0 / 1909821 (0.000%)
read_lats: vec100: [3110, 4091, 4121, 4150, 4200, 4290, 4320, 4330, 4330, 4340, 4340, 4341, 4350, 4350, 4350, 4360, 4360, 4360, 4360, 4370, 4370, 4370, 4370, 4380, 4380, 4380, 4381, 4390, 4390, 4390, 4390, 4400, 4400, 4400, 4400, 4410, 4410, 4410, 4410, 4420, 4420, 4420, 4420, 4430, 4430, 4430, 4431, 4440, 4440, 4441, 4450, 4450, 4460, 4460, 4470, 4480, 4480, 4490, 4500, 4501, 4510, 4520, 4530, 4531, 4540, 4550, 4560, 4570, 4570, 4580, 4590, 4600, 4610, 4611, 4620, 4630, 4640, 4641, 4650, 4660, 4670, 4680, 4681, 4690, 4700, 4710, 4721, 4740, 4750, 4770, 4790, 4810, 4840, 4860, 4891, 4930, 4980, 5060, 5240, 6980, 22371, 7662790]
write_lats: vec100: [2530, 2850, 2930, 2950, 2970, 3010, 3051, 3070, 3080, 3080, 3090, 3090, 3100, 3100, 3110, 3110, 3120, 3120, 3130, 3130, 3140, 3140, 3150, 3160, 3160, 3161, 3170, 3170, 3171, 3180, 3180, 3180, 3181, 3190, 3190, 3190, 3190, 3200, 3200, 3200, 3200, 3201, 3210, 3210, 3210, 3210, 3211, 3220, 3220, 3220, 3220, 3221, 3230, 3230, 3230, 3230, 3240, 3240, 3240, 3250, 3250, 3250, 3260, 3260, 3270, 3270, 3280, 3280, 3290, 3300, 3300, 3310, 3320, 3321, 3330, 3340, 3350, 3360, 3360, 3370, 3380, 3390, 3390, 3400, 3410, 3420, 3430, 3440, 3450, 3460, 3471, 3490, 3510, 3530, 3550, 3580, 3610, 3660, 3730, 3961, 5940, 15570]
                 avg          P99       P99.99         P100
Read         4.57μs      6.98μs     16.16μs       7.66ms
Write         3.27μs      4.02μs      8.05μs     15.57μs

=== bench_out6.dat ===
Ops: 2010000  Time: 9.56s  Throughput: 210272.94 ops/sec
Dirty reads: 0 / 1910126 (0.000%)
read_lats: vec100: [3090, 4120, 4150, 4180, 4230, 4320, 4350, 4351, 4360, 4360, 4370, 4370, 4370, 4380, 4380, 4380, 4380, 4381, 4390, 4390, 4390, 4390, 4400, 4400, 4400, 4400, 4410, 4410, 4410, 4410, 4420, 4420, 4420, 4420, 4430, 4430, 4430, 4430, 4430, 4440, 4440, 4440, 4440, 4450, 4450, 4450, 4450, 4460, 4460, 4461, 4470, 4480, 4480, 4490, 4500, 4500, 4510, 4520, 4520, 4530, 4540, 4540, 4550, 4560, 4570, 4571, 4580, 4590, 4600, 4610, 4620, 4621, 4630, 4640, 4650, 4650, 4660, 4670, 4671, 4680, 4690, 4700, 4710, 4711, 4721, 4731, 4750, 4760, 4780, 4800, 4820, 4840, 4860, 4890, 4920, 4960, 5010, 5091, 5300, 7020, 21821, 7674080]
write_lats: vec100: [2520, 2850, 2930, 2950, 2970, 3020, 3060, 3070, 3080, 3080, 3090, 3090, 3100, 3100, 3101, 3110, 3110, 3120, 3121, 3130, 3140, 3150, 3150, 3160, 3161, 3170, 3170, 3170, 3180, 3180, 3180, 3180, 3181, 3190, 3190, 3190, 3190, 3200, 3200, 3200, 3200, 3200, 3210, 3210, 3210, 3210, 3210, 3220, 3220, 3220, 3220, 3221, 3230, 3230, 3230, 3240, 3240, 3240, 3250, 3250, 3260, 3260, 3270, 3270, 3280, 3280, 3290, 3300, 3300, 3310, 3320, 3320, 3330, 3340, 3350, 3350, 3360, 3370, 3380, 3380, 3390, 3400, 3410, 3420, 3421, 3430, 3440, 3450, 3461, 3480, 3490, 3510, 3520, 3550, 3570, 3600, 3640, 3690, 3761, 4050, 6260, 43281]
                 avg          P99       P99.99         P100
Read         4.59μs      7.02μs     15.87μs       7.67ms
Write         3.27μs      4.09μs      8.14μs     43.28μs

=== bench_out7.dat ===
Ops: 2010000  Time: 9.54s  Throughput: 210668.75 ops/sec
Dirty reads: 0 / 1909815 (0.000%)
read_lats: vec100: [3210, 4110, 4140, 4170, 4250, 4330, 4331, 4340, 4340, 4350, 4350, 4350, 4360, 4360, 4360, 4360, 4370, 4370, 4370, 4370, 4380, 4380, 4380, 4380, 4390, 4390, 4390, 4390, 4391, 4400, 4400, 4400, 4401, 4410, 4410, 4410, 4410, 4411, 4420, 4420, 4420, 4420, 4430, 4430, 4430, 4430, 4440, 4440, 4440, 4450, 4450, 4460, 4460, 4470, 4480, 4480, 4490, 4500, 4501, 4510, 4520, 4530, 4530, 4540, 4550, 4560, 4560, 4570, 4580, 4590, 4600, 4610, 4610, 4620, 4630, 4640, 4640, 4650, 4660, 4661, 4670, 4680, 4690, 4700, 4710, 4720, 4730, 4740, 4760, 4780, 4791, 4820, 4840, 4870, 4900, 4940, 4990, 5070, 5260, 7010, 22241, 7690481]
write_lats: vec100: [2540, 2870, 2941, 2970, 3000, 3050, 3070, 3080, 3090, 3090, 3100, 3100, 3110, 3110, 3120, 3120, 3120, 3130, 3130, 3140, 3150, 3150, 3160, 3161, 3170, 3170, 3180, 3180, 3180, 3180, 3190, 3190, 3190, 3190, 3200, 3200, 3200, 3200, 3200, 3210, 3210, 3210, 3210, 3210, 3220, 3220, 3220, 3220, 3221, 3230, 3230, 3230, 3230, 3240, 3240, 3240, 3241, 3250, 3250, 3260, 3260, 3260, 3270, 3270, 3280, 3290, 3290, 3300, 3310, 3310, 3320, 3330, 3330, 3340, 3350, 3360, 3360, 3370, 3380, 3390, 3391, 3400, 3410, 3420, 3430, 3440, 3450, 3460, 3470, 3490, 3500, 3510, 3530, 3550, 3580, 3610, 3650, 3691, 3770, 4011, 6141, 15750]
                 avg          P99       P99.99         P100
Read         4.57μs      7.01μs     15.97μs       7.69ms
Write         3.28μs      4.07μs      7.47μs     15.75μs

=== bench_out8.dat ===
Ops: 2010000  Time: 9.55s  Throughput: 210539.57 ops/sec
Dirty reads: 0 / 1909508 (0.000%)
read_lats: vec100: [3140, 4120, 4140, 4170, 4250, 4330, 4340, 4350, 4350, 4360, 4360, 4360, 4361, 4370, 4370, 4370, 4370, 4380, 4380, 4380, 4380, 4380, 4390, 4390, 4390, 4390, 4390, 4400, 4400, 4400, 4400, 4400, 4401, 4410, 4410, 4410, 4410, 4410, 4420, 4420, 4420, 4420, 4420, 4430, 4430, 4430, 4440, 4440, 4440, 4450, 4450, 4460, 4470, 4470, 4480, 4490, 4490, 4500, 4510, 4511, 4520, 4530, 4531, 4540, 4550, 4560, 4570, 4570, 4580, 4590, 4600, 4610, 4620, 4621, 4630, 4640, 4650, 4650, 4660, 4670, 4670, 4680, 4690, 4700, 4710, 4720, 4730, 4750, 4760, 4780, 4800, 4820, 4840, 4870, 4900, 4940, 4990, 5070, 5260, 7000, 25211, 7650339]
write_lats: vec100: [2530, 2860, 2940, 2951, 2990, 3040, 3070, 3080, 3080, 3090, 3090, 3100, 3100, 3100, 3110, 3110, 3110, 3120, 3120, 3130, 3130, 3140, 3150, 3160, 3170, 3170, 3180, 3180, 3180, 3180, 3190, 3190, 3190, 3190, 3190, 3191, 3200, 3200, 3200, 3200, 3200, 3201, 3210, 3210, 3210, 3210, 3210, 3220, 3220, 3220, 3220, 3220, 3230, 3230, 3230, 3230, 3240, 3240, 3240, 3250, 3250, 3251, 3260, 3261, 3270, 3280, 3280, 3290, 3300, 3300, 3310, 3320, 3320, 3330, 3340, 3350, 3350, 3360, 3370, 3380, 3390, 3390, 3400, 3410, 3420, 3430, 3440, 3450, 3460, 3470, 3480, 3500, 3520, 3540, 3560, 3590, 3630, 3671, 3750, 3970, 5960, 14920]
                 avg          P99       P99.99         P100
Read         4.58μs      7.00μs     16.45μs       7.65ms
Write         3.27μs      4.02μs      7.56μs     14.92μs

Average throughput across all outputs: 210326.67
Average read latency across all outputs: 4.58 us
Average write latency across all outputs: 3.27 us
